layer node_from node_to weight
1 41 1 0.0666666666666667
1 33 1 0.1
1 32 1 0.266666666666667
1 30 1 0.366666666666667
1 31 1 0.0333333333333333
1 42 1 0.0333333333333333
1 43 1 0.133333333333333
1 45 1 0.0666666666666667
1 50 1 0.1
1 36 1 0.266666666666667
1 63 1 0.166666666666667
1 64 1 0.0333333333333333
1 38 1 0.133333333333333
1 81 1 0.2
1 40 1 0.166666666666667
1 84 1 0.1
1 41 2 0.142857142857143
1 32 2 0.142857142857143
1 30 2 0.285714285714286
1 43 2 0.142857142857143
1 36 2 0.142857142857143
1 66 2 0.142857142857143
1 38 2 0.142857142857143
1 39 2 0.142857142857143
1 81 2 0.285714285714286
1 40 2 0.428571428571429
1 26 4 0.125
1 33 4 4.625
1 32 4 0.875
1 30 4 0.125
1 62 4 1
1 40 4 0.25
1 27 5 0.0833333333333333
1 28 5 0.0833333333333333
1 32 5 0.416666666666667
1 30 5 0.0833333333333333
1 43 5 0.166666666666667
1 44 5 0.0833333333333333
1 50 5 0.25
1 51 5 0.0833333333333333
1 36 5 0.833333333333333
1 38 5 0.0833333333333333
1 40 5 0.583333333333333
1 41 6 0.153846153846154
1 33 6 0.769230769230769
1 32 6 0.923076923076923
1 30 6 1.30769230769231
1 43 6 0.0769230769230769
1 50 6 0.0769230769230769
1 51 6 0.0769230769230769
1 36 6 0.615384615384615
1 64 6 0.0769230769230769
1 39 6 0.0769230769230769
1 81 6 0.153846153846154
1 40 6 0.307692307692308
1 41 7 0.138888888888889
1 33 7 0.194444444444444
1 32 7 0.361111111111111
1 30 7 0.111111111111111
1 42 7 0.0277777777777778
1 43 7 0.0277777777777778
1 44 7 0.0277777777777778
1 45 7 0.0277777777777778
1 50 7 0.0277777777777778
1 51 7 0.0277777777777778
1 36 7 0.666666666666667
1 57 7 0.0277777777777778
1 64 7 0.0277777777777778
1 38 7 0.111111111111111
1 39 7 0.0555555555555556
1 73 7 0.0277777777777778
1 75 7 0.0277777777777778
1 81 7 0.166666666666667
1 82 7 0.0277777777777778
1 40 7 0.194444444444444
1 84 7 0.0555555555555556
1 33 8 1
1 41 9 0.5
1 50 9 0.5
1 59 9 0.5
1 40 9 1.5
1 28 10 0.2
1 57 10 0.2
1 38 10 0.2
1 82 10 0.4
1 41 11 0.454545454545455
1 33 11 0.272727272727273
1 43 11 0.0909090909090909
1 50 11 0.272727272727273
1 36 11 0.363636363636364
1 38 11 0.181818181818182
1 40 11 0.181818181818182
1 32 12 1
1 44 12 0.333333333333333
1 41 13 1.48936170212766
1 33 13 0.638297872340426
1 32 13 0.361702127659574
1 30 13 1.29787234042553
1 43 13 0.127659574468085
1 35 13 0.0212765957446809
1 44 13 0.127659574468085
1 47 13 0.0212765957446809
1 50 13 0.212765957446809
1 36 13 0.0851063829787234
1 56 13 0.0212765957446809
1 57 13 0.0212765957446809
1 59 13 0.0851063829787234
1 64 13 0.0212765957446809
1 39 13 0.0425531914893617
1 78 13 0.0212765957446809
1 81 13 0.0638297872340425
1 40 13 0.148936170212766
1 41 14 0.142857142857143
1 32 14 0.142857142857143
1 43 14 0.142857142857143
1 36 14 0.142857142857143
1 81 14 0.142857142857143
1 41 15 0.0652173913043478
1 33 15 0.41304347826087
1 32 15 0.478260869565217
1 30 15 0.347826086956522
1 42 15 0.0434782608695652
1 43 15 0.0217391304347826
1 44 15 0.217391304347826
1 45 15 0.0217391304347826
1 47 15 0.0434782608695652
1 50 15 0.195652173913043
1 51 15 0.152173913043478
1 36 15 0.217391304347826
1 60 15 0.0869565217391304
1 64 15 0.0217391304347826
1 65 15 0.0217391304347826
1 38 15 0.0652173913043478
1 76 15 0.0652173913043478
1 81 15 0.239130434782609
1 40 15 0.630434782608696
1 41 19 0.0697674418604651
1 33 19 0.0232558139534884
1 32 19 0.0387596899224806
1 30 19 0.0387596899224806
1 42 19 0.0387596899224806
1 43 19 0.0387596899224806
1 44 19 0.0155038759689922
1 45 19 0.00775193798449612
1 50 19 0.00775193798449612
1 51 19 0.325581395348837
1 52 19 0.00775193798449612
1 36 19 0.186046511627907
1 57 19 0.0155038759689922
1 64 19 0.0310077519379845
1 65 19 0.00775193798449612
1 38 19 0.0155038759689922
1 67 19 0.00775193798449612
1 69 19 0.00775193798449612
1 70 19 0.0232558139534884
1 73 19 0.0155038759689922
1 78 19 0.0155038759689922
1 81 19 0.201550387596899
1 82 19 0.00775193798449612
1 83 19 0.00775193798449612
1 40 19 2.77519379844961
1 84 19 0.0465116279069767
1 33 21 0.0153846153846154
1 32 21 0.0153846153846154
1 30 21 0.0461538461538462
1 42 21 0.0153846153846154
1 43 21 0.0769230769230769
1 36 21 0.0461538461538462
1 59 21 0.0153846153846154
1 39 21 0.0461538461538462
1 70 21 0.0153846153846154
1 73 21 0.0153846153846154
1 81 21 0.0769230769230769
1 82 21 0.0153846153846154
1 40 21 0.0153846153846154
1 51 20 0.111111111111111
1 81 20 0.111111111111111
1 40 20 1.77777777777778
1 41 22 0.0769230769230769
1 42 22 0.230769230769231
1 43 22 0.0769230769230769
1 51 22 0.0769230769230769
1 64 22 0.0769230769230769
1 81 22 1.15384615384615
1 40 22 4.15384615384615
1 84 22 0.0769230769230769
1 33 23 0.06
1 30 23 0.02
1 42 23 0.02
1 43 23 0.06
1 51 23 0.04
1 36 23 0.02
1 69 23 0.02
1 81 23 0.22
1 82 23 0.02
1 83 23 0.02
1 40 23 0.6
1 84 23 0.08
1 51 25 0.2
1 40 25 0.2
2 41 1 0.254901960784314
2 33 1 0.0980392156862745
2 30 1 0.117647058823529
2 43 1 0.0196078431372549
2 45 1 0.0392156862745098
2 50 1 0.0392156862745098
2 36 1 0.0588235294117647
2 59 1 0.0588235294117647
2 60 1 0.0196078431372549
2 63 1 1.68627450980392
2 80 1 0.0196078431372549
2 81 1 0.254901960784314
2 40 1 0.0196078431372549
2 84 1 0.0196078431372549
2 32 2 0.2
2 30 2 0.2
2 42 2 0.2
2 59 2 0.2
2 63 2 0.4
2 39 2 0.2
2 70 2 0.2
2 30 3 5
2 42 3 2
2 36 3 1
2 80 3 25
2 82 3 2
2 83 3 4
2 40 3 10
2 41 4 1.4
2 33 4 1.6
2 31 4 0.2
2 47 4 1.6
2 82 4 0.2
2 40 4 0.6
2 33 5 0.2
2 43 5 0.2
2 36 5 0.2
2 38 5 0.2
2 40 5 0.2
2 33 6 0.05
2 30 6 0.05
2 43 6 0.1
2 50 6 0.1
2 36 6 0.05
2 38 6 0.1
2 81 6 0.25
2 40 6 0.05
2 84 6 0.1
2 41 7 0.184210526315789
2 33 7 0.210526315789474
2 32 7 0.0526315789473684
2 30 7 0.0263157894736842
2 43 7 0.0526315789473684
2 44 7 0.184210526315789
2 46 7 0.0263157894736842
2 50 7 0.605263157894737
2 36 7 0.0263157894736842
2 64 7 0.0263157894736842
2 70 7 0.0263157894736842
2 73 7 0.0263157894736842
2 77 7 0.0263157894736842
2 81 7 0.789473684210526
2 85 7 0.0263157894736842
2 40 7 0.0526315789473684
2 84 7 0.0263157894736842
2 81 9 0.5
2 28 10 2
2 42 10 0.25
2 43 10 0.25
2 45 10 0.25
2 50 10 0.25
2 38 10 0.5
2 41 11 1.13333333333333
2 26 11 0.2
2 33 11 0.533333333333333
2 32 11 0.933333333333333
2 30 11 0.8
2 43 11 0.2
2 44 11 0.2
2 50 11 0.133333333333333
2 36 11 0.133333333333333
2 60 11 0.0666666666666667
2 64 11 0.0666666666666667
2 39 11 0.133333333333333
2 70 11 0.0666666666666667
2 77 11 0.0666666666666667
2 78 11 0.133333333333333
2 82 11 0.0666666666666667
2 40 11 0.0666666666666667
2 84 11 0.133333333333333
2 41 12 0.521739130434783
2 28 12 0.0434782608695652
2 33 12 0.217391304347826
2 32 12 0.130434782608696
2 30 12 0.304347826086957
2 31 12 0.0434782608695652
2 42 12 0.0434782608695652
2 43 12 0.0869565217391304
2 50 12 0.130434782608696
2 51 12 0.0434782608695652
2 36 12 0.0434782608695652
2 60 12 0.0434782608695652
2 63 12 0.0434782608695652
2 78 12 0.0434782608695652
2 81 12 0.0434782608695652
2 82 12 0.0434782608695652
2 83 12 0.782608695652174
2 84 12 0.0434782608695652
2 41 13 0.641025641025641
2 33 13 0.58974358974359
2 32 13 0.179487179487179
2 30 13 0.333333333333333
2 43 13 0.128205128205128
2 45 13 0.0769230769230769
2 47 13 0.0512820512820513
2 50 13 0.256410256410256
2 51 13 0.0256410256410256
2 36 13 0.0512820512820513
2 59 13 1.56410256410256
2 63 13 0.0256410256410256
2 72 13 0.0256410256410256
2 81 13 0.205128205128205
2 82 13 0.0256410256410256
2 40 13 0.179487179487179
2 84 13 0.0256410256410256
2 30 14 0.0769230769230769
2 43 14 0.153846153846154
2 70 14 0.0769230769230769
2 81 14 0.0769230769230769
2 40 14 0.230769230769231
2 41 15 0.125
2 33 15 0.333333333333333
2 32 15 0.166666666666667
2 30 15 0.125
2 44 15 0.0416666666666667
2 47 15 0.0833333333333333
2 50 15 0.333333333333333
2 36 15 0.25
2 59 15 0.0416666666666667
2 60 15 0.0833333333333333
2 81 15 0.125
2 40 15 0.0416666666666667
2 41 16 0.588235294117647
2 43 16 0.352941176470588
2 50 16 0.176470588235294
2 37 16 0.470588235294118
2 85 16 0.117647058823529
2 30 17 0.5
2 51 17 0.5
2 40 17 1
2 81 18 1
2 41 19 0.0223880597014925
2 32 19 0.0149253731343284
2 30 19 0.0447761194029851
2 43 19 0.00746268656716418
2 50 19 0.0447761194029851
2 51 19 0.447761194029851
2 60 19 0.00746268656716418
2 64 19 0.0149253731343284
2 69 19 0.00746268656716418
2 70 19 0.00746268656716418
2 73 19 0.00746268656716418
2 74 19 0.00746268656716418
2 78 19 0.00746268656716418
2 80 19 0.00746268656716418
2 81 19 0.395522388059701
2 82 19 0.0149253731343284
2 40 19 0.626865671641791
2 84 19 0.111940298507463
2 41 21 0.0238095238095238
2 33 21 0.0238095238095238
2 43 21 0.0476190476190476
2 44 21 0.0238095238095238
2 45 21 0.0238095238095238
2 51 21 0.0238095238095238
2 36 21 0.0476190476190476
2 64 21 0.0238095238095238
2 38 21 0.0238095238095238
2 39 21 0.0238095238095238
2 81 21 0.452380952380952
2 40 21 0.261904761904762
2 84 21 0.19047619047619
2 41 20 0.2
2 36 20 0.2
2 81 23 0.315789473684211
2 41 25 0.111111111111111
2 43 25 0.111111111111111
2 51 25 0.333333333333333
2 53 25 0.111111111111111
3 41 1 0.159420289855072
3 33 1 0.0869565217391304
3 32 1 0.0869565217391304
3 30 1 0.405797101449275
3 43 1 0.0869565217391304
3 44 1 0.0144927536231884
3 45 1 0.0579710144927536
3 47 1 0.0144927536231884
3 50 1 0.130434782608696
3 51 1 0.0289855072463768
3 36 1 0.115942028985507
3 57 1 0.0144927536231884
3 59 1 0.144927536231884
3 62 1 0.0289855072463768
3 63 1 1.78260869565217
3 64 1 0.0289855072463768
3 38 1 0.144927536231884
3 70 1 0.0289855072463768
3 78 1 0.0289855072463768
3 80 1 0.0144927536231884
3 81 1 0.420289855072464
3 82 1 0.0289855072463768
3 85 1 0.202898550724638
3 40 1 0.27536231884058
3 84 1 0.0144927536231884
3 32 2 0.2
3 44 2 0.2
3 50 2 0.6
3 64 2 0.2
3 38 2 0.4
3 77 2 0.2
3 40 2 0.2
3 33 3 0.8
3 32 3 0.1
3 42 3 0.3
3 45 3 1
3 50 3 3.2
3 51 3 0.5
3 38 3 0.1
3 71 3 0.1
3 78 3 0.1
3 80 3 0.5
3 81 3 0.3
3 82 3 0.6
3 83 3 0.3
3 40 3 1.2
3 41 4 0.428571428571429
3 33 4 5.78571428571429
3 32 4 1.28571428571429
3 30 4 1.14285714285714
3 43 4 0.214285714285714
3 44 4 0.428571428571429
3 45 4 9.42857142857143
3 47 4 0.0714285714285714
3 50 4 0.785714285714286
3 36 4 0.0714285714285714
3 60 4 0.0714285714285714
3 62 4 0.428571428571429
3 64 4 0.285714285714286
3 39 4 0.0714285714285714
3 70 4 0.0714285714285714
3 82 4 0.142857142857143
3 85 4 0.785714285714286
3 40 4 1.42857142857143
3 41 5 0.0555555555555556
3 33 5 0.277777777777778
3 44 5 0.0555555555555556
3 50 5 0.277777777777778
3 51 5 0.0555555555555556
3 64 5 0.0555555555555556
3 69 5 0.0555555555555556
3 81 5 0.0555555555555556
3 82 5 0.0555555555555556
3 83 5 0.0555555555555556
3 85 5 0.0555555555555556
3 41 6 0.0666666666666667
3 33 6 0.5
3 32 6 0.333333333333333
3 30 6 0.1
3 43 6 0.0666666666666667
3 44 6 0.133333333333333
3 50 6 0.133333333333333
3 51 6 0.0333333333333333
3 36 6 0.266666666666667
3 59 6 0.0333333333333333
3 64 6 0.0666666666666667
3 65 6 0.0333333333333333
3 38 6 0.0333333333333333
3 69 6 0.0333333333333333
3 70 6 0.1
3 77 6 0.0333333333333333
3 80 6 0.0666666666666667
3 81 6 0.4
3 82 6 0.0333333333333333
3 85 6 0.0333333333333333
3 40 6 0.0666666666666667
3 41 7 0.0485436893203883
3 26 7 0.00970873786407767
3 33 7 0.563106796116505
3 32 7 0.436893203883495
3 30 7 0.116504854368932
3 43 7 0.0970873786407767
3 44 7 0.0776699029126214
3 47 7 0.00970873786407767
3 50 7 1.0873786407767
3 51 7 0.0970873786407767
3 52 7 0.00970873786407767
3 36 7 0.203883495145631
3 57 7 0.00970873786407767
3 59 7 0.0194174757281553
3 64 7 0.058252427184466
3 38 7 0.029126213592233
3 70 7 0.0970873786407767
3 71 7 0.00970873786407767
3 74 7 0.00970873786407767
3 77 7 0.0194174757281553
3 78 7 0.0194174757281553
3 80 7 0.00970873786407767
3 81 7 0.990291262135922
3 82 7 0.0388349514563107
3 83 7 0.087378640776699
3 85 7 0.029126213592233
3 40 7 0.16504854368932
3 84 7 0.029126213592233
3 28 10 1
3 64 10 0.5
3 38 10 1.5
3 81 10 0.5
3 41 11 0.113636363636364
3 26 11 0.0227272727272727
3 33 11 1
3 32 11 1.02272727272727
3 30 11 0.136363636363636
3 43 11 0.159090909090909
3 44 11 0.25
3 50 11 0.0454545454545455
3 51 11 0.0909090909090909
3 36 11 0.113636363636364
3 59 11 0.136363636363636
3 60 11 0.409090909090909
3 62 11 0.0227272727272727
3 63 11 0.0227272727272727
3 64 11 0.0681818181818182
3 38 11 0.0454545454545455
3 39 11 0.0227272727272727
3 70 11 0.0681818181818182
3 78 11 0.0681818181818182
3 80 11 0.0909090909090909
3 81 11 1.06818181818182
3 82 11 0.0454545454545455
3 83 11 0.0227272727272727
3 85 11 0.0227272727272727
3 40 11 0.0454545454545455
3 84 11 0.159090909090909
3 41 12 0.241379310344828
3 33 12 0.448275862068966
3 32 12 0.413793103448276
3 30 12 1
3 31 12 0.0689655172413793
3 42 12 0.0344827586206897
3 43 12 0.0689655172413793
3 50 12 1.51724137931034
3 36 12 0.103448275862069
3 60 12 0.379310344827586
3 62 12 0.0344827586206897
3 64 12 0.137931034482759
3 65 12 0.0689655172413793
3 38 12 0.0344827586206897
3 39 12 0.0344827586206897
3 70 12 0.0344827586206897
3 78 12 0.0344827586206897
3 80 12 0.137931034482759
3 81 12 1.20689655172414
3 82 12 0.137931034482759
3 85 12 0.103448275862069
3 84 12 0.0689655172413793
3 41 13 2
3 26 13 0.214285714285714
3 33 13 0.214285714285714
3 32 13 0.428571428571429
3 30 13 0.535714285714286
3 42 13 0.0357142857142857
3 43 13 0.142857142857143
3 44 13 0.0357142857142857
3 45 13 0.357142857142857
3 46 13 0.178571428571429
3 47 13 0.0357142857142857
3 50 13 0.321428571428571
3 36 13 0.0714285714285714
3 59 13 8.03571428571429
3 64 13 0.0714285714285714
3 66 13 0.0714285714285714
3 73 13 0.0357142857142857
3 78 13 0.0714285714285714
3 81 13 0.0357142857142857
3 85 13 0.0714285714285714
3 33 14 0.285714285714286
3 32 14 0.142857142857143
3 63 14 0.142857142857143
3 81 14 0.142857142857143
3 41 15 0.0487804878048781
3 33 15 0.439024390243902
3 32 15 0.414634146341463
3 30 15 0.317073170731707
3 31 15 0.0487804878048781
3 42 15 0.024390243902439
3 43 15 0.024390243902439
3 44 15 0.146341463414634
3 50 15 0.121951219512195
3 36 15 0.0487804878048781
3 59 15 0.024390243902439
3 60 15 0.365853658536585
3 64 15 0.024390243902439
3 38 15 0.024390243902439
3 69 15 0.024390243902439
3 77 15 0.0731707317073171
3 78 15 0.024390243902439
3 81 15 0.0731707317073171
3 82 15 0.121951219512195
3 85 15 0.024390243902439
3 40 15 0.0975609756097561
3 43 16 0.25
3 40 16 0.25
3 30 17 0.142857142857143
3 42 17 0.571428571428571
3 44 17 0.714285714285714
3 51 17 1.85714285714286
3 81 17 0.428571428571429
3 82 17 0.714285714285714
3 40 17 9
3 41 19 0.0882352941176471
3 33 19 0.0735294117647059
3 32 19 0.0147058823529412
3 30 19 0.110294117647059
3 42 19 0.0367647058823529
3 43 19 0.0294117647058824
3 44 19 0.0588235294117647
3 45 19 0.00735294117647059
3 46 19 0.00735294117647059
3 50 19 0.0514705882352941
3 51 19 0.198529411764706
3 36 19 0.117647058823529
3 60 19 0.00735294117647059
3 62 19 0.00735294117647059
3 64 19 0.0661764705882353
3 70 19 0.0147058823529412
3 77 19 0.00735294117647059
3 78 19 0.0220588235294118
3 80 19 0.00735294117647059
3 81 19 0.316176470588235
3 82 19 0.0661764705882353
3 83 19 0.0367647058823529
3 85 19 0.25
3 40 19 2.36764705882353
3 84 19 0.0220588235294118
3 41 21 0.0394736842105263
3 33 21 0.0526315789473684
3 32 21 0.0394736842105263
3 30 21 0.0921052631578947
3 43 21 0.0657894736842105
3 50 21 0.0131578947368421
3 36 21 0.0263157894736842
3 59 21 0.0394736842105263
3 64 21 0.0263157894736842
3 38 21 0.0263157894736842
3 69 21 0.0131578947368421
3 70 21 0.0131578947368421
3 77 21 0.0131578947368421
3 80 21 0.0131578947368421
3 81 21 0.368421052631579
3 82 21 0.0263157894736842
3 85 21 0.0131578947368421
3 40 21 0.0263157894736842
3 30 22 0.111111111111111
3 43 22 0.111111111111111
3 44 22 0.111111111111111
3 51 22 0.222222222222222
3 56 22 0.111111111111111
3 81 22 0.444444444444444
3 40 22 0.444444444444444
3 59 23 0.142857142857143
3 38 23 0.142857142857143
3 81 23 0.142857142857143
3 40 23 0.142857142857143
3 40 24 0.5
3 30 25 0.25
3 42 25 0.25
3 36 25 0.25
3 81 25 0.125
3 85 25 0.25
3 40 25 1.5
4 26 1 0.0222222222222222
4 33 1 0.0444444444444444
4 32 1 0.4
4 30 1 0.377777777777778
4 43 1 0.2
4 50 1 0.0888888888888889
4 51 1 0.0888888888888889
4 36 1 0.155555555555556
4 37 1 0.0444444444444444
4 63 1 0.644444444444444
4 38 1 0.222222222222222
4 69 1 0.0222222222222222
4 70 1 0.0444444444444444
4 81 1 0.977777777777778
4 82 1 0.0222222222222222
4 85 1 0.0444444444444444
4 40 1 0.422222222222222
4 84 1 0.0444444444444444
4 41 2 0.5
4 32 2 1
4 63 2 1
4 40 2 0.5
4 33 3 0.6
4 32 3 0.2
4 30 3 0.3
4 51 3 0.4
4 36 3 0.7
4 81 3 0.2
4 82 3 0.2
4 40 3 0.2
4 84 3 0.1
4 33 4 3
4 32 4 1.57142857142857
4 30 4 0.428571428571429
4 44 4 0.0714285714285714
4 50 4 0.0714285714285714
4 62 4 2.35714285714286
4 38 4 0.0714285714285714
4 70 4 0.428571428571429
4 81 4 1.35714285714286
4 40 4 1.5
4 33 5 0.125
4 32 5 0.125
4 81 5 0.125
4 33 6 0.419354838709677
4 32 6 0.612903225806452
4 30 6 0.32258064516129
4 43 6 0.032258064516129
4 44 6 0.032258064516129
4 50 6 0.32258064516129
4 51 6 0.032258064516129
4 36 6 0.193548387096774
4 70 6 0.0645161290322581
4 81 6 0.161290322580645
4 82 6 0.0645161290322581
4 40 6 0.387096774193548
4 41 7 0.00793650793650794
4 28 7 0.0158730158730159
4 33 7 0.261904761904762
4 32 7 0.380952380952381
4 30 7 0.341269841269841
4 42 7 0.00793650793650794
4 43 7 0.00793650793650794
4 44 7 0.0873015873015873
4 50 7 0.73015873015873
4 51 7 0.0317460317460317
4 36 7 0.166666666666667
4 57 7 0.00793650793650794
4 38 7 0.0476190476190476
4 69 7 0.00793650793650794
4 70 7 0.0555555555555556
4 81 7 1.15873015873016
4 82 7 0.0158730158730159
4 40 7 0.214285714285714
4 84 7 0.214285714285714
4 30 8 1
4 49 8 41
4 38 8 0.666666666666667
4 69 8 0.333333333333333
4 40 8 0.333333333333333
4 28 10 0.4
4 42 10 0.2
4 50 10 0.8
4 51 10 0.2
4 69 10 0.2
4 81 10 1.8
4 82 10 0.2
4 41 11 0.0434782608695652
4 33 11 0.130434782608696
4 32 11 0.434782608695652
4 30 11 0.173913043478261
4 43 11 0.0434782608695652
4 44 11 0.0434782608695652
4 50 11 0.521739130434783
4 51 11 0.130434782608696
4 36 11 0.0869565217391304
4 70 11 0.173913043478261
4 81 11 0.391304347826087
4 40 11 0.0869565217391304
4 84 11 0.0434782608695652
4 33 12 0.25
4 32 12 0.7
4 30 12 0.65
4 43 12 0.05
4 44 12 0.15
4 50 12 0.1
4 36 12 0.2
4 59 12 0.2
4 38 12 0.05
4 69 12 0.1
4 81 12 0.1
4 40 12 0.3
4 41 13 0.619047619047619
4 33 13 0.238095238095238
4 32 13 0.285714285714286
4 30 13 0.571428571428571
4 43 13 0.0476190476190476
4 35 13 0.0476190476190476
4 50 13 0.238095238095238
4 36 13 0.142857142857143
4 59 13 0.0952380952380952
4 38 13 0.142857142857143
4 81 13 0.428571428571429
4 40 13 0.142857142857143
4 33 14 0.176470588235294
4 32 14 0.235294117647059
4 30 14 0.352941176470588
4 43 14 0.0588235294117647
4 36 14 0.117647058823529
4 63 14 0.411764705882353
4 38 14 0.0588235294117647
4 81 14 0.176470588235294
4 40 14 0.470588235294118
4 84 14 0.176470588235294
4 41 15 0.0932203389830508
4 26 15 0.00847457627118644
4 28 15 0.00847457627118644
4 33 15 0.322033898305085
4 32 15 0.652542372881356
4 30 15 0.322033898305085
4 42 15 0.00847457627118644
4 43 15 0.0593220338983051
4 44 15 0.177966101694915
4 45 15 0.0169491525423729
4 46 15 0.00847457627118644
4 50 15 0.0593220338983051
4 51 15 0.0593220338983051
4 36 15 0.296610169491525
4 59 15 0.245762711864407
4 37 15 0.00847457627118644
4 38 15 0.0932203389830508
4 69 15 0.0169491525423729
4 70 15 0.0423728813559322
4 81 15 0.771186440677966
4 82 15 0.0677966101694915
4 83 15 0.00847457627118644
4 40 15 0.26271186440678
4 84 15 0.0169491525423729
4 81 16 0.5
4 41 17 0.0175438596491228
4 26 17 0.0350877192982456
4 33 17 0.192982456140351
4 32 17 0.175438596491228
4 30 17 0.0701754385964912
4 34 17 0.245614035087719
4 42 17 0.0175438596491228
4 43 17 0.0701754385964912
4 44 17 0.0175438596491228
4 50 17 0.0175438596491228
4 51 17 2.43859649122807
4 36 17 0.210526315789474
4 63 17 0.0175438596491228
4 69 17 0.0175438596491228
4 81 17 0.105263157894737
4 82 17 0.087719298245614
4 40 17 3.63157894736842
4 84 17 0.0350877192982456
4 41 19 0.00572737686139748
4 26 19 0.0011454753722795
4 28 19 0.0011454753722795
4 33 19 0.0217640320733104
4 32 19 0.0515463917525773
4 30 19 0.0698739977090493
4 34 19 0.00916380297823597
4 42 19 0.0183276059564719
4 43 19 0.0194730813287514
4 35 19 0.013745704467354
4 44 19 0.0309278350515464
4 45 19 0.0011454753722795
4 46 19 0.00229095074455899
4 50 19 0.00458190148911798
4 51 19 0.572737686139748
4 36 19 0.0675830469644903
4 54 19 0.0011454753722795
4 59 19 0.00916380297823597
4 63 19 0.00572737686139748
4 64 19 0.0011454753722795
4 38 19 0.00916380297823597
4 69 19 0.00458190148911798
4 70 19 0.0286368843069874
4 77 19 0.0011454753722795
4 78 19 0.00229095074455899
4 79 19 0.0011454753722795
4 81 19 0.2737686139748
4 82 19 0.0332187857961054
4 83 19 0.00916380297823597
4 85 19 0.00687285223367698
4 40 19 0.737686139747995
4 84 19 0.0435280641466208
4 41 21 0.0136986301369863
4 28 21 0.0136986301369863
4 33 21 0.0410958904109589
4 32 21 0.0684931506849315
4 30 21 0.0958904109589041
4 43 21 0.10958904109589
4 44 21 0.0684931506849315
4 50 21 0.0273972602739726
4 51 21 0.0684931506849315
4 36 21 0.0273972602739726
4 57 21 0.0136986301369863
4 59 21 0.0136986301369863
4 38 21 0.0821917808219178
4 73 21 0.0136986301369863
4 81 21 0.0547945205479452
4 83 21 0.0136986301369863
4 40 21 0.356164383561644
4 84 21 0.0410958904109589
4 42 20 0.0833333333333333
4 43 20 0.166666666666667
4 51 20 0.5
4 81 20 0.0833333333333333
4 40 20 1.83333333333333
4 84 20 0.0833333333333333
4 33 22 0.0217391304347826
4 32 22 0.0434782608695652
4 30 22 0.130434782608696
4 42 22 0.0217391304347826
4 44 22 0.0434782608695652
4 50 22 0.0217391304347826
4 51 22 0.195652173913043
4 36 22 0.0652173913043478
4 64 22 0.0217391304347826
4 81 22 0.239130434782609
4 40 22 0.978260869565217
4 41 23 0.0178571428571429
4 33 23 0.0178571428571429
4 34 23 0.0535714285714286
4 43 23 0.0178571428571429
4 44 23 0.0178571428571429
4 51 23 0.178571428571429
4 36 23 0.0357142857142857
4 70 23 0.0178571428571429
4 81 23 0.0535714285714286
4 82 23 0.0178571428571429
4 40 23 0.196428571428571
4 84 23 0.0357142857142857
4 33 25 0.142857142857143
4 32 25 0.142857142857143
4 30 25 0.0952380952380952
4 51 25 0.0952380952380952
4 40 25 0.571428571428571
5 41 1 0.0612244897959184
5 33 1 0.102040816326531
5 32 1 0.0612244897959184
5 30 1 0.673469387755102
5 43 1 0.0408163265306122
5 35 1 0.0204081632653061
5 44 1 0.0204081632653061
5 48 1 0.26530612244898
5 50 1 0.0408163265306122
5 51 1 0.0612244897959184
5 36 1 0.36734693877551
5 62 1 0.0408163265306122
5 63 1 0.653061224489796
5 38 1 0.469387755102041
5 39 1 0.0204081632653061
5 81 1 0.122448979591837
5 82 1 0.0204081632653061
5 40 1 0.469387755102041
5 30 2 0.142857142857143
5 48 2 0.142857142857143
5 63 2 0.285714285714286
5 38 2 0.285714285714286
5 81 2 0.142857142857143
5 40 2 0.428571428571429
5 33 3 0.25
5 30 3 2.25
5 43 3 0.25
5 44 3 0.25
5 51 3 0.25
5 38 3 0.25
5 81 3 0.25
5 82 3 0.25
5 40 3 0.75
5 84 3 0.25
5 33 4 2.06666666666667
5 32 4 0.933333333333333
5 30 4 0.533333333333333
5 44 4 0.0666666666666667
5 50 4 0.466666666666667
5 51 4 0.133333333333333
5 36 4 0.133333333333333
5 37 4 0.0666666666666667
5 62 4 1.93333333333333
5 38 4 0.0666666666666667
5 82 4 0.0666666666666667
5 83 4 0.133333333333333
5 40 4 0.2
5 26 5 0.05
5 33 5 0.25
5 32 5 0.05
5 30 5 0.2
5 50 5 0.05
5 51 5 0.1
5 36 5 0.05
5 70 5 0.05
5 81 5 0.05
5 82 5 0.05
5 40 5 0.6
5 41 6 0.0208333333333333
5 33 6 0.5
5 32 6 0.625
5 30 6 0.25
5 42 6 0.0208333333333333
5 43 6 0.0208333333333333
5 44 6 0.0208333333333333
5 50 6 0.0625
5 51 6 0.0208333333333333
5 36 6 0.208333333333333
5 38 6 0.104166666666667
5 69 6 0.0208333333333333
5 70 6 0.0416666666666667
5 81 6 0.0625
5 82 6 0.0416666666666667
5 40 6 0.458333333333333
5 33 7 0.276923076923077
5 32 7 0.584615384615385
5 30 7 0.307692307692308
5 31 7 0.0153846153846154
5 42 7 0.0153846153846154
5 43 7 0.0769230769230769
5 44 7 0.0769230769230769
5 46 7 0.0153846153846154
5 50 7 0.0923076923076923
5 51 7 0.0307692307692308
5 36 7 0.246153846153846
5 38 7 0.0769230769230769
5 69 7 0.0307692307692308
5 73 7 0.0153846153846154
5 81 7 0.107692307692308
5 82 7 0.0153846153846154
5 83 7 0.0307692307692308
5 85 7 0.0153846153846154
5 40 7 0.676923076923077
5 33 8 0.333333333333333
5 32 8 0.333333333333333
5 30 8 0.666666666666667
5 38 8 0.333333333333333
5 40 8 0.666666666666667
5 33 11 0.416666666666667
5 32 11 1.33333333333333
5 30 11 0.291666666666667
5 31 11 0.0416666666666667
5 44 11 0.0833333333333333
5 36 11 0.0416666666666667
5 38 11 0.0416666666666667
5 81 11 0.0416666666666667
5 82 11 0.0833333333333333
5 40 11 0.5
5 41 12 0.173913043478261
5 29 12 0.0434782608695652
5 33 12 0.260869565217391
5 32 12 0.260869565217391
5 30 12 1.04347826086957
5 43 12 0.0869565217391304
5 44 12 0.0869565217391304
5 46 12 0.0434782608695652
5 50 12 0.260869565217391
5 51 12 0.0869565217391304
5 36 12 0.434782608695652
5 55 12 0.130434782608696
5 60 12 0.217391304347826
5 38 12 0.130434782608696
5 81 12 0.0869565217391304
5 82 12 0.0869565217391304
5 85 12 0.0434782608695652
5 40 12 1.34782608695652
5 41 13 0.545454545454545
5 33 13 0.272727272727273
5 32 13 0.272727272727273
5 30 13 0.909090909090909
5 43 13 0.0454545454545455
5 44 13 0.0454545454545455
5 51 13 0.0454545454545455
5 36 13 0.227272727272727
5 59 13 0.0909090909090909
5 60 13 0.0909090909090909
5 38 13 0.0454545454545455
5 70 13 0.0454545454545455
5 81 13 0.0454545454545455
5 82 13 0.0454545454545455
5 83 13 0.0909090909090909
5 40 13 0.409090909090909
5 32 14 0.416666666666667
5 30 14 0.333333333333333
5 31 14 0.0833333333333333
5 42 14 0.0833333333333333
5 57 14 0.25
5 61 14 0.666666666666667
5 82 14 0.166666666666667
5 40 14 0.25
5 41 15 0.00943396226415094
5 29 15 0.00943396226415094
5 33 15 0.292452830188679
5 32 15 0.349056603773585
5 30 15 0.19811320754717
5 42 15 0.00943396226415094
5 43 15 0.0283018867924528
5 44 15 0.0943396226415094
5 46 15 0.00943396226415094
5 50 15 0.10377358490566
5 51 15 0.330188679245283
5 36 15 0.273584905660377
5 59 15 0.0377358490566038
5 60 15 0.0849056603773585
5 38 15 0.0754716981132075
5 69 15 0.00943396226415094
5 70 15 0.0188679245283019
5 81 15 0.339622641509434
5 82 15 0.0471698113207547
5 83 15 0.0283018867924528
5 40 15 0.509433962264151
5 33 17 0.0344827586206897
5 32 17 0.137931034482759
5 30 17 0.218390804597701
5 34 17 0.459770114942529
5 42 17 0.0344827586206897
5 43 17 0.0344827586206897
5 44 17 0.137931034482759
5 51 17 1.08045977011494
5 36 17 0.241379310344828
5 57 17 0.0114942528735632
5 38 17 0.0114942528735632
5 68 17 0.0229885057471264
5 70 17 0.0114942528735632
5 81 17 0.160919540229885
5 82 17 0.0804597701149425
5 83 17 0.0114942528735632
5 40 17 6.82758620689655
5 84 17 0.0229885057471264
5 30 18 0.5
5 40 18 0.5
5 41 19 0.0024024024024024
5 33 19 0.024024024024024
5 32 19 0.0288288288288288
5 30 19 0.123123123123123
5 34 19 0.00780780780780781
5 42 19 0.0198198198198198
5 43 19 0.0288288288288288
5 44 19 0.0354354354354354
5 46 19 6.00600600600601e-4
5 50 19 0.0042042042042042
5 51 19 0.551951951951952
5 36 19 0.0582582582582583
5 57 19 0.0024024024024024
5 58 19 0.0012012012012012
5 60 19 0.0024024024024024
5 62 19 6.00600600600601e-4
5 63 19 0.0018018018018018
5 38 19 0.00720720720720721
5 68 19 0.0024024024024024
5 69 19 0.0042042042042042
5 70 19 0.0192192192192192
5 73 19 0.0012012012012012
5 79 19 0.0012012012012012
5 81 19 0.254054054054054
5 82 19 0.0594594594594595
5 83 19 0.0264264264264264
5 85 19 0.0018018018018018
5 40 19 1.32552552552553
5 84 19 0.0222222222222222
5 29 21 0.00862068965517241
5 33 21 0.0603448275862069
5 32 21 0.0862068965517241
5 30 21 0.0948275862068965
5 31 21 0.0344827586206897
5 42 21 0.0172413793103448
5 43 21 0.181034482758621
5 44 21 0.0258620689655172
5 50 21 0.00862068965517241
5 51 21 0.0862068965517241
5 36 21 0.0172413793103448
5 57 21 0.00862068965517241
5 62 21 0.00862068965517241
5 38 21 0.0948275862068965
5 68 21 0.00862068965517241
5 70 21 0.00862068965517241
5 81 21 0.206896551724138
5 82 21 0.0431034482758621
5 83 21 0.0172413793103448
5 40 21 0.413793103448276
5 51 20 1
5 81 20 0.166666666666667
5 40 20 2.16666666666667
5 41 22 0.00952380952380952
5 33 22 0.019047619047619
5 32 22 0.0380952380952381
5 30 22 0.133333333333333
5 43 22 0.019047619047619
5 44 22 0.0380952380952381
5 45 22 0.00952380952380952
5 50 22 0.00952380952380952
5 51 22 0.323809523809524
5 36 22 0.0476190476190476
5 57 22 0.019047619047619
5 69 22 0.00952380952380952
5 70 22 0.0476190476190476
5 81 22 0.838095238095238
5 82 22 0.0476190476190476
5 83 22 0.00952380952380952
5 40 22 1.24761904761905
5 84 22 0.161904761904762
5 33 23 0.0147058823529412
5 32 23 0.0147058823529412
5 30 23 0.0441176470588235
5 42 23 0.0147058823529412
5 44 23 0.0294117647058824
5 46 23 0.0147058823529412
5 51 23 0.176470588235294
5 36 23 0.0882352941176471
5 60 23 0.0147058823529412
5 63 23 0.0294117647058824
5 68 23 0.0147058823529412
5 69 23 0.0147058823529412
5 70 23 0.0441176470588235
5 81 23 0.102941176470588
5 82 23 0.0294117647058824
5 83 23 0.0147058823529412
5 85 23 0.0147058823529412
5 40 23 0.352941176470588
5 84 23 0.0588235294117647
5 32 25 0.0344827586206897
5 30 25 0.0689655172413793
5 43 25 0.0172413793103448
5 44 25 0.0344827586206897
5 50 25 0.0172413793103448
5 51 25 0.275862068965517
5 36 25 0.0689655172413793
5 81 25 0.103448275862069
5 82 25 0.0517241379310345
5 83 25 0.0344827586206897
5 40 25 1.06896551724138
5 84 25 0.0172413793103448
6 41 1 0.0465116279069767
6 32 1 0.0465116279069767
6 30 1 0.209302325581395
6 50 1 0.0465116279069767
6 51 1 0.0232558139534884
6 36 1 0.0930232558139535
6 60 1 0.0232558139534884
6 63 1 0.627906976744186
6 38 1 0.186046511627907
6 81 1 0.13953488372093
6 83 1 0.0232558139534884
6 40 1 0.0465116279069767
6 63 2 2
6 28 3 0.25
6 33 3 0.25
6 30 3 1.5
6 43 3 0.125
6 51 3 0.125
6 81 3 1.25
6 40 3 1.125
6 84 3 0.25
6 33 4 6.23076923076923
6 32 4 2.61538461538462
6 30 4 3
6 43 4 0.0769230769230769
6 44 4 0.153846153846154
6 45 4 0.307692307692308
6 47 4 0.230769230769231
6 50 4 0.769230769230769
6 51 4 0.0769230769230769
6 36 4 0.0769230769230769
6 62 4 3.92307692307692
6 82 4 0.153846153846154
6 40 4 0.307692307692308
6 33 5 0.2
6 32 5 0.6
6 30 5 1.4
6 43 5 0.2
6 51 5 0.2
6 36 5 0.2
6 38 5 0.2
6 40 5 4.8
6 33 6 0.25
6 32 6 0.25
6 30 6 0.5
6 41 7 0.0158730158730159
6 33 7 0.0634920634920635
6 32 7 0.365079365079365
6 30 7 0.174603174603175
6 42 7 0.0158730158730159
6 43 7 0.0476190476190476
6 46 7 0.0158730158730159
6 50 7 0.0158730158730159
6 51 7 0.0317460317460317
6 36 7 0.142857142857143
6 60 7 0.142857142857143
6 38 7 0.0634920634920635
6 81 7 0.0476190476190476
6 40 7 0.714285714285714
6 30 8 0.5
6 40 8 0.5
6 44 10 0.25
6 50 10 18.5
6 57 10 0.25
6 41 11 0.1
6 33 11 0.1
6 32 11 0.2
6 30 11 0.3
6 36 11 0.1
6 38 11 0.2
6 40 11 0.3
6 41 12 0.0454545454545455
6 33 12 0.272727272727273
6 32 12 0.272727272727273
6 30 12 0.181818181818182
6 44 12 0.181818181818182
6 36 12 0.272727272727273
6 55 12 0.0454545454545455
6 59 12 0.272727272727273
6 60 12 0.363636363636364
6 40 12 0.0909090909090909
6 30 13 0.6
6 32 14 0.1
6 40 14 0.3
6 41 15 0.656716417910448
6 26 15 0.0149253731343284
6 33 15 0.373134328358209
6 32 15 0.597014925373134
6 30 15 0.552238805970149
6 42 15 0.0149253731343284
6 43 15 0.0447761194029851
6 44 15 0.17910447761194
6 45 15 0.0149253731343284
6 50 15 0.149253731343284
6 51 15 0.119402985074627
6 36 15 0.0895522388059701
6 59 15 0.0298507462686567
6 60 15 1.41791044776119
6 62 15 0.0298507462686567
6 38 15 0.0447761194029851
6 81 15 0.164179104477612
6 82 15 0.0447761194029851
6 83 15 0.0149253731343284
6 40 15 1.46268656716418
6 33 17 0.021978021978022
6 32 17 0.032967032967033
6 30 17 0.131868131868132
6 34 17 1.42857142857143
6 43 17 0.0879120879120879
6 44 17 0.0879120879120879
6 45 17 0.021978021978022
6 51 17 1.26373626373626
6 36 17 0.0769230769230769
6 57 17 0.010989010989011
6 38 17 0.021978021978022
6 70 17 0.010989010989011
6 79 17 0.010989010989011
6 81 17 0.0989010989010989
6 82 17 0.021978021978022
6 83 17 0.032967032967033
6 40 17 10.9230769230769
6 41 19 0.00225733634311512
6 33 19 0.0112866817155756
6 32 19 0.0158013544018059
6 30 19 0.0790067720090293
6 34 19 0.0248306997742664
6 42 19 0.0270880361173815
6 43 19 0.0225733634311512
6 44 19 0.0428893905191874
6 45 19 0.00225733634311512
6 51 19 0.715575620767494
6 52 19 0.00225733634311512
6 36 19 0.0744920993227991
6 60 19 0.00677200902934537
6 38 19 0.00451467268623025
6 79 19 0.00225733634311512
6 81 19 0.212189616252822
6 82 19 0.00677200902934537
6 83 19 0.00677200902934537
6 85 19 0.00225733634311512
6 40 19 2.61399548532731
6 84 19 0.0316027088036117
6 26 21 0.0114942528735632
6 33 21 0.0229885057471264
6 32 21 0.0804597701149425
6 30 21 0.0689655172413793
6 42 21 0.0229885057471264
6 43 21 0.0574712643678161
6 44 21 0.103448275862069
6 51 21 0.0919540229885057
6 36 21 0.0459770114942529
6 38 21 0.0919540229885057
6 81 21 0.0804597701149425
6 83 21 0.0114942528735632
6 40 21 0.436781609195402
6 84 21 0.0114942528735632
6 32 22 0.0133333333333333
6 30 22 0.0933333333333333
6 34 22 0.0133333333333333
6 42 22 0.0133333333333333
6 43 22 0.0133333333333333
6 44 22 0.0666666666666667
6 51 22 0.266666666666667
6 36 22 0.0933333333333333
6 81 22 0.266666666666667
6 82 22 0.0133333333333333
6 83 22 0.0266666666666667
6 40 22 3.56
6 84 22 0.04
6 32 23 0.0273972602739726
6 30 23 0.0684931506849315
6 43 23 0.0410958904109589
6 44 23 0.0136986301369863
6 51 23 0.0410958904109589
6 70 23 0.0273972602739726
6 81 23 0.0410958904109589
6 83 23 0.0410958904109589
6 40 23 1.72602739726027
6 30 25 0.0909090909090909
6 45 25 0.0909090909090909
6 51 25 0.0909090909090909
6 81 25 0.727272727272727
6 40 25 0.181818181818182
6 84 25 0.818181818181818
1 1 41 0.0666666666666667
1 1 33 0.1
1 1 32 0.266666666666667
1 1 30 0.366666666666667
1 1 31 0.0333333333333333
1 1 42 0.0333333333333333
1 1 43 0.133333333333333
1 1 45 0.0666666666666667
1 1 50 0.1
1 1 36 0.266666666666667
1 1 63 0.166666666666667
1 1 64 0.0333333333333333
1 1 38 0.133333333333333
1 1 81 0.2
1 1 40 0.166666666666667
1 1 84 0.1
1 2 41 0.142857142857143
1 2 32 0.142857142857143
1 2 30 0.285714285714286
1 2 43 0.142857142857143
1 2 36 0.142857142857143
1 2 66 0.142857142857143
1 2 38 0.142857142857143
1 2 39 0.142857142857143
1 2 81 0.285714285714286
1 2 40 0.428571428571429
1 4 26 0.125
1 4 33 4.625
1 4 32 0.875
1 4 30 0.125
1 4 62 1
1 4 40 0.25
1 5 27 0.0833333333333333
1 5 28 0.0833333333333333
1 5 32 0.416666666666667
1 5 30 0.0833333333333333
1 5 43 0.166666666666667
1 5 44 0.0833333333333333
1 5 50 0.25
1 5 51 0.0833333333333333
1 5 36 0.833333333333333
1 5 38 0.0833333333333333
1 5 40 0.583333333333333
1 6 41 0.153846153846154
1 6 33 0.769230769230769
1 6 32 0.923076923076923
1 6 30 1.30769230769231
1 6 43 0.0769230769230769
1 6 50 0.0769230769230769
1 6 51 0.0769230769230769
1 6 36 0.615384615384615
1 6 64 0.0769230769230769
1 6 39 0.0769230769230769
1 6 81 0.153846153846154
1 6 40 0.307692307692308
1 7 41 0.138888888888889
1 7 33 0.194444444444444
1 7 32 0.361111111111111
1 7 30 0.111111111111111
1 7 42 0.0277777777777778
1 7 43 0.0277777777777778
1 7 44 0.0277777777777778
1 7 45 0.0277777777777778
1 7 50 0.0277777777777778
1 7 51 0.0277777777777778
1 7 36 0.666666666666667
1 7 57 0.0277777777777778
1 7 64 0.0277777777777778
1 7 38 0.111111111111111
1 7 39 0.0555555555555556
1 7 73 0.0277777777777778
1 7 75 0.0277777777777778
1 7 81 0.166666666666667
1 7 82 0.0277777777777778
1 7 40 0.194444444444444
1 7 84 0.0555555555555556
1 8 33 1
1 9 41 0.5
1 9 50 0.5
1 9 59 0.5
1 9 40 1.5
1 10 28 0.2
1 10 57 0.2
1 10 38 0.2
1 10 82 0.4
1 11 41 0.454545454545455
1 11 33 0.272727272727273
1 11 43 0.0909090909090909
1 11 50 0.272727272727273
1 11 36 0.363636363636364
1 11 38 0.181818181818182
1 11 40 0.181818181818182
1 12 32 1
1 12 44 0.333333333333333
1 13 41 1.48936170212766
1 13 33 0.638297872340426
1 13 32 0.361702127659574
1 13 30 1.29787234042553
1 13 43 0.127659574468085
1 13 35 0.0212765957446809
1 13 44 0.127659574468085
1 13 47 0.0212765957446809
1 13 50 0.212765957446809
1 13 36 0.0851063829787234
1 13 56 0.0212765957446809
1 13 57 0.0212765957446809
1 13 59 0.0851063829787234
1 13 64 0.0212765957446809
1 13 39 0.0425531914893617
1 13 78 0.0212765957446809
1 13 81 0.0638297872340425
1 13 40 0.148936170212766
1 14 41 0.142857142857143
1 14 32 0.142857142857143
1 14 43 0.142857142857143
1 14 36 0.142857142857143
1 14 81 0.142857142857143
1 15 41 0.0652173913043478
1 15 33 0.41304347826087
1 15 32 0.478260869565217
1 15 30 0.347826086956522
1 15 42 0.0434782608695652
1 15 43 0.0217391304347826
1 15 44 0.217391304347826
1 15 45 0.0217391304347826
1 15 47 0.0434782608695652
1 15 50 0.195652173913043
1 15 51 0.152173913043478
1 15 36 0.217391304347826
1 15 60 0.0869565217391304
1 15 64 0.0217391304347826
1 15 65 0.0217391304347826
1 15 38 0.0652173913043478
1 15 76 0.0652173913043478
1 15 81 0.239130434782609
1 15 40 0.630434782608696
1 19 41 0.0697674418604651
1 19 33 0.0232558139534884
1 19 32 0.0387596899224806
1 19 30 0.0387596899224806
1 19 42 0.0387596899224806
1 19 43 0.0387596899224806
1 19 44 0.0155038759689922
1 19 45 0.00775193798449612
1 19 50 0.00775193798449612
1 19 51 0.325581395348837
1 19 52 0.00775193798449612
1 19 36 0.186046511627907
1 19 57 0.0155038759689922
1 19 64 0.0310077519379845
1 19 65 0.00775193798449612
1 19 38 0.0155038759689922
1 19 67 0.00775193798449612
1 19 69 0.00775193798449612
1 19 70 0.0232558139534884
1 19 73 0.0155038759689922
1 19 78 0.0155038759689922
1 19 81 0.201550387596899
1 19 82 0.00775193798449612
1 19 83 0.00775193798449612
1 19 40 2.77519379844961
1 19 84 0.0465116279069767
1 21 33 0.0153846153846154
1 21 32 0.0153846153846154
1 21 30 0.0461538461538462
1 21 42 0.0153846153846154
1 21 43 0.0769230769230769
1 21 36 0.0461538461538462
1 21 59 0.0153846153846154
1 21 39 0.0461538461538462
1 21 70 0.0153846153846154
1 21 73 0.0153846153846154
1 21 81 0.0769230769230769
1 21 82 0.0153846153846154
1 21 40 0.0153846153846154
1 20 51 0.111111111111111
1 20 81 0.111111111111111
1 20 40 1.77777777777778
1 22 41 0.0769230769230769
1 22 42 0.230769230769231
1 22 43 0.0769230769230769
1 22 51 0.0769230769230769
1 22 64 0.0769230769230769
1 22 81 1.15384615384615
1 22 40 4.15384615384615
1 22 84 0.0769230769230769
1 23 33 0.06
1 23 30 0.02
1 23 42 0.02
1 23 43 0.06
1 23 51 0.04
1 23 36 0.02
1 23 69 0.02
1 23 81 0.22
1 23 82 0.02
1 23 83 0.02
1 23 40 0.6
1 23 84 0.08
1 25 51 0.2
1 25 40 0.2
2 1 41 0.254901960784314
2 1 33 0.0980392156862745
2 1 30 0.117647058823529
2 1 43 0.0196078431372549
2 1 45 0.0392156862745098
2 1 50 0.0392156862745098
2 1 36 0.0588235294117647
2 1 59 0.0588235294117647
2 1 60 0.0196078431372549
2 1 63 1.68627450980392
2 1 80 0.0196078431372549
2 1 81 0.254901960784314
2 1 40 0.0196078431372549
2 1 84 0.0196078431372549
2 2 32 0.2
2 2 30 0.2
2 2 42 0.2
2 2 59 0.2
2 2 63 0.4
2 2 39 0.2
2 2 70 0.2
2 3 30 5
2 3 42 2
2 3 36 1
2 3 80 25
2 3 82 2
2 3 83 4
2 3 40 10
2 4 41 1.4
2 4 33 1.6
2 4 31 0.2
2 4 47 1.6
2 4 82 0.2
2 4 40 0.6
2 5 33 0.2
2 5 43 0.2
2 5 36 0.2
2 5 38 0.2
2 5 40 0.2
2 6 33 0.05
2 6 30 0.05
2 6 43 0.1
2 6 50 0.1
2 6 36 0.05
2 6 38 0.1
2 6 81 0.25
2 6 40 0.05
2 6 84 0.1
2 7 41 0.184210526315789
2 7 33 0.210526315789474
2 7 32 0.0526315789473684
2 7 30 0.0263157894736842
2 7 43 0.0526315789473684
2 7 44 0.184210526315789
2 7 46 0.0263157894736842
2 7 50 0.605263157894737
2 7 36 0.0263157894736842
2 7 64 0.0263157894736842
2 7 70 0.0263157894736842
2 7 73 0.0263157894736842
2 7 77 0.0263157894736842
2 7 81 0.789473684210526
2 7 85 0.0263157894736842
2 7 40 0.0526315789473684
2 7 84 0.0263157894736842
2 9 81 0.5
2 10 28 2
2 10 42 0.25
2 10 43 0.25
2 10 45 0.25
2 10 50 0.25
2 10 38 0.5
2 11 41 1.13333333333333
2 11 26 0.2
2 11 33 0.533333333333333
2 11 32 0.933333333333333
2 11 30 0.8
2 11 43 0.2
2 11 44 0.2
2 11 50 0.133333333333333
2 11 36 0.133333333333333
2 11 60 0.0666666666666667
2 11 64 0.0666666666666667
2 11 39 0.133333333333333
2 11 70 0.0666666666666667
2 11 77 0.0666666666666667
2 11 78 0.133333333333333
2 11 82 0.0666666666666667
2 11 40 0.0666666666666667
2 11 84 0.133333333333333
2 12 41 0.521739130434783
2 12 28 0.0434782608695652
2 12 33 0.217391304347826
2 12 32 0.130434782608696
2 12 30 0.304347826086957
2 12 31 0.0434782608695652
2 12 42 0.0434782608695652
2 12 43 0.0869565217391304
2 12 50 0.130434782608696
2 12 51 0.0434782608695652
2 12 36 0.0434782608695652
2 12 60 0.0434782608695652
2 12 63 0.0434782608695652
2 12 78 0.0434782608695652
2 12 81 0.0434782608695652
2 12 82 0.0434782608695652
2 12 83 0.782608695652174
2 12 84 0.0434782608695652
2 13 41 0.641025641025641
2 13 33 0.58974358974359
2 13 32 0.179487179487179
2 13 30 0.333333333333333
2 13 43 0.128205128205128
2 13 45 0.0769230769230769
2 13 47 0.0512820512820513
2 13 50 0.256410256410256
2 13 51 0.0256410256410256
2 13 36 0.0512820512820513
2 13 59 1.56410256410256
2 13 63 0.0256410256410256
2 13 72 0.0256410256410256
2 13 81 0.205128205128205
2 13 82 0.0256410256410256
2 13 40 0.179487179487179
2 13 84 0.0256410256410256
2 14 30 0.0769230769230769
2 14 43 0.153846153846154
2 14 70 0.0769230769230769
2 14 81 0.0769230769230769
2 14 40 0.230769230769231
2 15 41 0.125
2 15 33 0.333333333333333
2 15 32 0.166666666666667
2 15 30 0.125
2 15 44 0.0416666666666667
2 15 47 0.0833333333333333
2 15 50 0.333333333333333
2 15 36 0.25
2 15 59 0.0416666666666667
2 15 60 0.0833333333333333
2 15 81 0.125
2 15 40 0.0416666666666667
2 16 41 0.588235294117647
2 16 43 0.352941176470588
2 16 50 0.176470588235294
2 16 37 0.470588235294118
2 16 85 0.117647058823529
2 17 30 0.5
2 17 51 0.5
2 17 40 1
2 18 81 1
2 19 41 0.0223880597014925
2 19 32 0.0149253731343284
2 19 30 0.0447761194029851
2 19 43 0.00746268656716418
2 19 50 0.0447761194029851
2 19 51 0.447761194029851
2 19 60 0.00746268656716418
2 19 64 0.0149253731343284
2 19 69 0.00746268656716418
2 19 70 0.00746268656716418
2 19 73 0.00746268656716418
2 19 74 0.00746268656716418
2 19 78 0.00746268656716418
2 19 80 0.00746268656716418
2 19 81 0.395522388059701
2 19 82 0.0149253731343284
2 19 40 0.626865671641791
2 19 84 0.111940298507463
2 21 41 0.0238095238095238
2 21 33 0.0238095238095238
2 21 43 0.0476190476190476
2 21 44 0.0238095238095238
2 21 45 0.0238095238095238
2 21 51 0.0238095238095238
2 21 36 0.0476190476190476
2 21 64 0.0238095238095238
2 21 38 0.0238095238095238
2 21 39 0.0238095238095238
2 21 81 0.452380952380952
2 21 40 0.261904761904762
2 21 84 0.19047619047619
2 20 41 0.2
2 20 36 0.2
2 23 81 0.315789473684211
2 25 41 0.111111111111111
2 25 43 0.111111111111111
2 25 51 0.333333333333333
2 25 53 0.111111111111111
3 1 41 0.159420289855072
3 1 33 0.0869565217391304
3 1 32 0.0869565217391304
3 1 30 0.405797101449275
3 1 43 0.0869565217391304
3 1 44 0.0144927536231884
3 1 45 0.0579710144927536
3 1 47 0.0144927536231884
3 1 50 0.130434782608696
3 1 51 0.0289855072463768
3 1 36 0.115942028985507
3 1 57 0.0144927536231884
3 1 59 0.144927536231884
3 1 62 0.0289855072463768
3 1 63 1.78260869565217
3 1 64 0.0289855072463768
3 1 38 0.144927536231884
3 1 70 0.0289855072463768
3 1 78 0.0289855072463768
3 1 80 0.0144927536231884
3 1 81 0.420289855072464
3 1 82 0.0289855072463768
3 1 85 0.202898550724638
3 1 40 0.27536231884058
3 1 84 0.0144927536231884
3 2 32 0.2
3 2 44 0.2
3 2 50 0.6
3 2 64 0.2
3 2 38 0.4
3 2 77 0.2
3 2 40 0.2
3 3 33 0.8
3 3 32 0.1
3 3 42 0.3
3 3 45 1
3 3 50 3.2
3 3 51 0.5
3 3 38 0.1
3 3 71 0.1
3 3 78 0.1
3 3 80 0.5
3 3 81 0.3
3 3 82 0.6
3 3 83 0.3
3 3 40 1.2
3 4 41 0.428571428571429
3 4 33 5.78571428571429
3 4 32 1.28571428571429
3 4 30 1.14285714285714
3 4 43 0.214285714285714
3 4 44 0.428571428571429
3 4 45 9.42857142857143
3 4 47 0.0714285714285714
3 4 50 0.785714285714286
3 4 36 0.0714285714285714
3 4 60 0.0714285714285714
3 4 62 0.428571428571429
3 4 64 0.285714285714286
3 4 39 0.0714285714285714
3 4 70 0.0714285714285714
3 4 82 0.142857142857143
3 4 85 0.785714285714286
3 4 40 1.42857142857143
3 5 41 0.0555555555555556
3 5 33 0.277777777777778
3 5 44 0.0555555555555556
3 5 50 0.277777777777778
3 5 51 0.0555555555555556
3 5 64 0.0555555555555556
3 5 69 0.0555555555555556
3 5 81 0.0555555555555556
3 5 82 0.0555555555555556
3 5 83 0.0555555555555556
3 5 85 0.0555555555555556
3 6 41 0.0666666666666667
3 6 33 0.5
3 6 32 0.333333333333333
3 6 30 0.1
3 6 43 0.0666666666666667
3 6 44 0.133333333333333
3 6 50 0.133333333333333
3 6 51 0.0333333333333333
3 6 36 0.266666666666667
3 6 59 0.0333333333333333
3 6 64 0.0666666666666667
3 6 65 0.0333333333333333
3 6 38 0.0333333333333333
3 6 69 0.0333333333333333
3 6 70 0.1
3 6 77 0.0333333333333333
3 6 80 0.0666666666666667
3 6 81 0.4
3 6 82 0.0333333333333333
3 6 85 0.0333333333333333
3 6 40 0.0666666666666667
3 7 41 0.0485436893203883
3 7 26 0.00970873786407767
3 7 33 0.563106796116505
3 7 32 0.436893203883495
3 7 30 0.116504854368932
3 7 43 0.0970873786407767
3 7 44 0.0776699029126214
3 7 47 0.00970873786407767
3 7 50 1.0873786407767
3 7 51 0.0970873786407767
3 7 52 0.00970873786407767
3 7 36 0.203883495145631
3 7 57 0.00970873786407767
3 7 59 0.0194174757281553
3 7 64 0.058252427184466
3 7 38 0.029126213592233
3 7 70 0.0970873786407767
3 7 71 0.00970873786407767
3 7 74 0.00970873786407767
3 7 77 0.0194174757281553
3 7 78 0.0194174757281553
3 7 80 0.00970873786407767
3 7 81 0.990291262135922
3 7 82 0.0388349514563107
3 7 83 0.087378640776699
3 7 85 0.029126213592233
3 7 40 0.16504854368932
3 7 84 0.029126213592233
3 10 28 1
3 10 64 0.5
3 10 38 1.5
3 10 81 0.5
3 11 41 0.113636363636364
3 11 26 0.0227272727272727
3 11 33 1
3 11 32 1.02272727272727
3 11 30 0.136363636363636
3 11 43 0.159090909090909
3 11 44 0.25
3 11 50 0.0454545454545455
3 11 51 0.0909090909090909
3 11 36 0.113636363636364
3 11 59 0.136363636363636
3 11 60 0.409090909090909
3 11 62 0.0227272727272727
3 11 63 0.0227272727272727
3 11 64 0.0681818181818182
3 11 38 0.0454545454545455
3 11 39 0.0227272727272727
3 11 70 0.0681818181818182
3 11 78 0.0681818181818182
3 11 80 0.0909090909090909
3 11 81 1.06818181818182
3 11 82 0.0454545454545455
3 11 83 0.0227272727272727
3 11 85 0.0227272727272727
3 11 40 0.0454545454545455
3 11 84 0.159090909090909
3 12 41 0.241379310344828
3 12 33 0.448275862068966
3 12 32 0.413793103448276
3 12 30 1
3 12 31 0.0689655172413793
3 12 42 0.0344827586206897
3 12 43 0.0689655172413793
3 12 50 1.51724137931034
3 12 36 0.103448275862069
3 12 60 0.379310344827586
3 12 62 0.0344827586206897
3 12 64 0.137931034482759
3 12 65 0.0689655172413793
3 12 38 0.0344827586206897
3 12 39 0.0344827586206897
3 12 70 0.0344827586206897
3 12 78 0.0344827586206897
3 12 80 0.137931034482759
3 12 81 1.20689655172414
3 12 82 0.137931034482759
3 12 85 0.103448275862069
3 12 84 0.0689655172413793
3 13 41 2
3 13 26 0.214285714285714
3 13 33 0.214285714285714
3 13 32 0.428571428571429
3 13 30 0.535714285714286
3 13 42 0.0357142857142857
3 13 43 0.142857142857143
3 13 44 0.0357142857142857
3 13 45 0.357142857142857
3 13 46 0.178571428571429
3 13 47 0.0357142857142857
3 13 50 0.321428571428571
3 13 36 0.0714285714285714
3 13 59 8.03571428571429
3 13 64 0.0714285714285714
3 13 66 0.0714285714285714
3 13 73 0.0357142857142857
3 13 78 0.0714285714285714
3 13 81 0.0357142857142857
3 13 85 0.0714285714285714
3 14 33 0.285714285714286
3 14 32 0.142857142857143
3 14 63 0.142857142857143
3 14 81 0.142857142857143
3 15 41 0.0487804878048781
3 15 33 0.439024390243902
3 15 32 0.414634146341463
3 15 30 0.317073170731707
3 15 31 0.0487804878048781
3 15 42 0.024390243902439
3 15 43 0.024390243902439
3 15 44 0.146341463414634
3 15 50 0.121951219512195
3 15 36 0.0487804878048781
3 15 59 0.024390243902439
3 15 60 0.365853658536585
3 15 64 0.024390243902439
3 15 38 0.024390243902439
3 15 69 0.024390243902439
3 15 77 0.0731707317073171
3 15 78 0.024390243902439
3 15 81 0.0731707317073171
3 15 82 0.121951219512195
3 15 85 0.024390243902439
3 15 40 0.0975609756097561
3 16 43 0.25
3 16 40 0.25
3 17 30 0.142857142857143
3 17 42 0.571428571428571
3 17 44 0.714285714285714
3 17 51 1.85714285714286
3 17 81 0.428571428571429
3 17 82 0.714285714285714
3 17 40 9
3 19 41 0.0882352941176471
3 19 33 0.0735294117647059
3 19 32 0.0147058823529412
3 19 30 0.110294117647059
3 19 42 0.0367647058823529
3 19 43 0.0294117647058824
3 19 44 0.0588235294117647
3 19 45 0.00735294117647059
3 19 46 0.00735294117647059
3 19 50 0.0514705882352941
3 19 51 0.198529411764706
3 19 36 0.117647058823529
3 19 60 0.00735294117647059
3 19 62 0.00735294117647059
3 19 64 0.0661764705882353
3 19 70 0.0147058823529412
3 19 77 0.00735294117647059
3 19 78 0.0220588235294118
3 19 80 0.00735294117647059
3 19 81 0.316176470588235
3 19 82 0.0661764705882353
3 19 83 0.0367647058823529
3 19 85 0.25
3 19 40 2.36764705882353
3 19 84 0.0220588235294118
3 21 41 0.0394736842105263
3 21 33 0.0526315789473684
3 21 32 0.0394736842105263
3 21 30 0.0921052631578947
3 21 43 0.0657894736842105
3 21 50 0.0131578947368421
3 21 36 0.0263157894736842
3 21 59 0.0394736842105263
3 21 64 0.0263157894736842
3 21 38 0.0263157894736842
3 21 69 0.0131578947368421
3 21 70 0.0131578947368421
3 21 77 0.0131578947368421
3 21 80 0.0131578947368421
3 21 81 0.368421052631579
3 21 82 0.0263157894736842
3 21 85 0.0131578947368421
3 21 40 0.0263157894736842
3 22 30 0.111111111111111
3 22 43 0.111111111111111
3 22 44 0.111111111111111
3 22 51 0.222222222222222
3 22 56 0.111111111111111
3 22 81 0.444444444444444
3 22 40 0.444444444444444
3 23 59 0.142857142857143
3 23 38 0.142857142857143
3 23 81 0.142857142857143
3 23 40 0.142857142857143
3 24 40 0.5
3 25 30 0.25
3 25 42 0.25
3 25 36 0.25
3 25 81 0.125
3 25 85 0.25
3 25 40 1.5
4 1 26 0.0222222222222222
4 1 33 0.0444444444444444
4 1 32 0.4
4 1 30 0.377777777777778
4 1 43 0.2
4 1 50 0.0888888888888889
4 1 51 0.0888888888888889
4 1 36 0.155555555555556
4 1 37 0.0444444444444444
4 1 63 0.644444444444444
4 1 38 0.222222222222222
4 1 69 0.0222222222222222
4 1 70 0.0444444444444444
4 1 81 0.977777777777778
4 1 82 0.0222222222222222
4 1 85 0.0444444444444444
4 1 40 0.422222222222222
4 1 84 0.0444444444444444
4 2 41 0.5
4 2 32 1
4 2 63 1
4 2 40 0.5
4 3 33 0.6
4 3 32 0.2
4 3 30 0.3
4 3 51 0.4
4 3 36 0.7
4 3 81 0.2
4 3 82 0.2
4 3 40 0.2
4 3 84 0.1
4 4 33 3
4 4 32 1.57142857142857
4 4 30 0.428571428571429
4 4 44 0.0714285714285714
4 4 50 0.0714285714285714
4 4 62 2.35714285714286
4 4 38 0.0714285714285714
4 4 70 0.428571428571429
4 4 81 1.35714285714286
4 4 40 1.5
4 5 33 0.125
4 5 32 0.125
4 5 81 0.125
4 6 33 0.419354838709677
4 6 32 0.612903225806452
4 6 30 0.32258064516129
4 6 43 0.032258064516129
4 6 44 0.032258064516129
4 6 50 0.32258064516129
4 6 51 0.032258064516129
4 6 36 0.193548387096774
4 6 70 0.0645161290322581
4 6 81 0.161290322580645
4 6 82 0.0645161290322581
4 6 40 0.387096774193548
4 7 41 0.00793650793650794
4 7 28 0.0158730158730159
4 7 33 0.261904761904762
4 7 32 0.380952380952381
4 7 30 0.341269841269841
4 7 42 0.00793650793650794
4 7 43 0.00793650793650794
4 7 44 0.0873015873015873
4 7 50 0.73015873015873
4 7 51 0.0317460317460317
4 7 36 0.166666666666667
4 7 57 0.00793650793650794
4 7 38 0.0476190476190476
4 7 69 0.00793650793650794
4 7 70 0.0555555555555556
4 7 81 1.15873015873016
4 7 82 0.0158730158730159
4 7 40 0.214285714285714
4 7 84 0.214285714285714
4 8 30 1
4 8 49 41
4 8 38 0.666666666666667
4 8 69 0.333333333333333
4 8 40 0.333333333333333
4 10 28 0.4
4 10 42 0.2
4 10 50 0.8
4 10 51 0.2
4 10 69 0.2
4 10 81 1.8
4 10 82 0.2
4 11 41 0.0434782608695652
4 11 33 0.130434782608696
4 11 32 0.434782608695652
4 11 30 0.173913043478261
4 11 43 0.0434782608695652
4 11 44 0.0434782608695652
4 11 50 0.521739130434783
4 11 51 0.130434782608696
4 11 36 0.0869565217391304
4 11 70 0.173913043478261
4 11 81 0.391304347826087
4 11 40 0.0869565217391304
4 11 84 0.0434782608695652
4 12 33 0.25
4 12 32 0.7
4 12 30 0.65
4 12 43 0.05
4 12 44 0.15
4 12 50 0.1
4 12 36 0.2
4 12 59 0.2
4 12 38 0.05
4 12 69 0.1
4 12 81 0.1
4 12 40 0.3
4 13 41 0.619047619047619
4 13 33 0.238095238095238
4 13 32 0.285714285714286
4 13 30 0.571428571428571
4 13 43 0.0476190476190476
4 13 35 0.0476190476190476
4 13 50 0.238095238095238
4 13 36 0.142857142857143
4 13 59 0.0952380952380952
4 13 38 0.142857142857143
4 13 81 0.428571428571429
4 13 40 0.142857142857143
4 14 33 0.176470588235294
4 14 32 0.235294117647059
4 14 30 0.352941176470588
4 14 43 0.0588235294117647
4 14 36 0.117647058823529
4 14 63 0.411764705882353
4 14 38 0.0588235294117647
4 14 81 0.176470588235294
4 14 40 0.470588235294118
4 14 84 0.176470588235294
4 15 41 0.0932203389830508
4 15 26 0.00847457627118644
4 15 28 0.00847457627118644
4 15 33 0.322033898305085
4 15 32 0.652542372881356
4 15 30 0.322033898305085
4 15 42 0.00847457627118644
4 15 43 0.0593220338983051
4 15 44 0.177966101694915
4 15 45 0.0169491525423729
4 15 46 0.00847457627118644
4 15 50 0.0593220338983051
4 15 51 0.0593220338983051
4 15 36 0.296610169491525
4 15 59 0.245762711864407
4 15 37 0.00847457627118644
4 15 38 0.0932203389830508
4 15 69 0.0169491525423729
4 15 70 0.0423728813559322
4 15 81 0.771186440677966
4 15 82 0.0677966101694915
4 15 83 0.00847457627118644
4 15 40 0.26271186440678
4 15 84 0.0169491525423729
4 16 81 0.5
4 17 41 0.0175438596491228
4 17 26 0.0350877192982456
4 17 33 0.192982456140351
4 17 32 0.175438596491228
4 17 30 0.0701754385964912
4 17 34 0.245614035087719
4 17 42 0.0175438596491228
4 17 43 0.0701754385964912
4 17 44 0.0175438596491228
4 17 50 0.0175438596491228
4 17 51 2.43859649122807
4 17 36 0.210526315789474
4 17 63 0.0175438596491228
4 17 69 0.0175438596491228
4 17 81 0.105263157894737
4 17 82 0.087719298245614
4 17 40 3.63157894736842
4 17 84 0.0350877192982456
4 19 41 0.00572737686139748
4 19 26 0.0011454753722795
4 19 28 0.0011454753722795
4 19 33 0.0217640320733104
4 19 32 0.0515463917525773
4 19 30 0.0698739977090493
4 19 34 0.00916380297823597
4 19 42 0.0183276059564719
4 19 43 0.0194730813287514
4 19 35 0.013745704467354
4 19 44 0.0309278350515464
4 19 45 0.0011454753722795
4 19 46 0.00229095074455899
4 19 50 0.00458190148911798
4 19 51 0.572737686139748
4 19 36 0.0675830469644903
4 19 54 0.0011454753722795
4 19 59 0.00916380297823597
4 19 63 0.00572737686139748
4 19 64 0.0011454753722795
4 19 38 0.00916380297823597
4 19 69 0.00458190148911798
4 19 70 0.0286368843069874
4 19 77 0.0011454753722795
4 19 78 0.00229095074455899
4 19 79 0.0011454753722795
4 19 81 0.2737686139748
4 19 82 0.0332187857961054
4 19 83 0.00916380297823597
4 19 85 0.00687285223367698
4 19 40 0.737686139747995
4 19 84 0.0435280641466208
4 21 41 0.0136986301369863
4 21 28 0.0136986301369863
4 21 33 0.0410958904109589
4 21 32 0.0684931506849315
4 21 30 0.0958904109589041
4 21 43 0.10958904109589
4 21 44 0.0684931506849315
4 21 50 0.0273972602739726
4 21 51 0.0684931506849315
4 21 36 0.0273972602739726
4 21 57 0.0136986301369863
4 21 59 0.0136986301369863
4 21 38 0.0821917808219178
4 21 73 0.0136986301369863
4 21 81 0.0547945205479452
4 21 83 0.0136986301369863
4 21 40 0.356164383561644
4 21 84 0.0410958904109589
4 20 42 0.0833333333333333
4 20 43 0.166666666666667
4 20 51 0.5
4 20 81 0.0833333333333333
4 20 40 1.83333333333333
4 20 84 0.0833333333333333
4 22 33 0.0217391304347826
4 22 32 0.0434782608695652
4 22 30 0.130434782608696
4 22 42 0.0217391304347826
4 22 44 0.0434782608695652
4 22 50 0.0217391304347826
4 22 51 0.195652173913043
4 22 36 0.0652173913043478
4 22 64 0.0217391304347826
4 22 81 0.239130434782609
4 22 40 0.978260869565217
4 23 41 0.0178571428571429
4 23 33 0.0178571428571429
4 23 34 0.0535714285714286
4 23 43 0.0178571428571429
4 23 44 0.0178571428571429
4 23 51 0.178571428571429
4 23 36 0.0357142857142857
4 23 70 0.0178571428571429
4 23 81 0.0535714285714286
4 23 82 0.0178571428571429
4 23 40 0.196428571428571
4 23 84 0.0357142857142857
4 25 33 0.142857142857143
4 25 32 0.142857142857143
4 25 30 0.0952380952380952
4 25 51 0.0952380952380952
4 25 40 0.571428571428571
5 1 41 0.0612244897959184
5 1 33 0.102040816326531
5 1 32 0.0612244897959184
5 1 30 0.673469387755102
5 1 43 0.0408163265306122
5 1 35 0.0204081632653061
5 1 44 0.0204081632653061
5 1 48 0.26530612244898
5 1 50 0.0408163265306122
5 1 51 0.0612244897959184
5 1 36 0.36734693877551
5 1 62 0.0408163265306122
5 1 63 0.653061224489796
5 1 38 0.469387755102041
5 1 39 0.0204081632653061
5 1 81 0.122448979591837
5 1 82 0.0204081632653061
5 1 40 0.469387755102041
5 2 30 0.142857142857143
5 2 48 0.142857142857143
5 2 63 0.285714285714286
5 2 38 0.285714285714286
5 2 81 0.142857142857143
5 2 40 0.428571428571429
5 3 33 0.25
5 3 30 2.25
5 3 43 0.25
5 3 44 0.25
5 3 51 0.25
5 3 38 0.25
5 3 81 0.25
5 3 82 0.25
5 3 40 0.75
5 3 84 0.25
5 4 33 2.06666666666667
5 4 32 0.933333333333333
5 4 30 0.533333333333333
5 4 44 0.0666666666666667
5 4 50 0.466666666666667
5 4 51 0.133333333333333
5 4 36 0.133333333333333
5 4 37 0.0666666666666667
5 4 62 1.93333333333333
5 4 38 0.0666666666666667
5 4 82 0.0666666666666667
5 4 83 0.133333333333333
5 4 40 0.2
5 5 26 0.05
5 5 33 0.25
5 5 32 0.05
5 5 30 0.2
5 5 50 0.05
5 5 51 0.1
5 5 36 0.05
5 5 70 0.05
5 5 81 0.05
5 5 82 0.05
5 5 40 0.6
5 6 41 0.0208333333333333
5 6 33 0.5
5 6 32 0.625
5 6 30 0.25
5 6 42 0.0208333333333333
5 6 43 0.0208333333333333
5 6 44 0.0208333333333333
5 6 50 0.0625
5 6 51 0.0208333333333333
5 6 36 0.208333333333333
5 6 38 0.104166666666667
5 6 69 0.0208333333333333
5 6 70 0.0416666666666667
5 6 81 0.0625
5 6 82 0.0416666666666667
5 6 40 0.458333333333333
5 7 33 0.276923076923077
5 7 32 0.584615384615385
5 7 30 0.307692307692308
5 7 31 0.0153846153846154
5 7 42 0.0153846153846154
5 7 43 0.0769230769230769
5 7 44 0.0769230769230769
5 7 46 0.0153846153846154
5 7 50 0.0923076923076923
5 7 51 0.0307692307692308
5 7 36 0.246153846153846
5 7 38 0.0769230769230769
5 7 69 0.0307692307692308
5 7 73 0.0153846153846154
5 7 81 0.107692307692308
5 7 82 0.0153846153846154
5 7 83 0.0307692307692308
5 7 85 0.0153846153846154
5 7 40 0.676923076923077
5 8 33 0.333333333333333
5 8 32 0.333333333333333
5 8 30 0.666666666666667
5 8 38 0.333333333333333
5 8 40 0.666666666666667
5 11 33 0.416666666666667
5 11 32 1.33333333333333
5 11 30 0.291666666666667
5 11 31 0.0416666666666667
5 11 44 0.0833333333333333
5 11 36 0.0416666666666667
5 11 38 0.0416666666666667
5 11 81 0.0416666666666667
5 11 82 0.0833333333333333
5 11 40 0.5
5 12 41 0.173913043478261
5 12 29 0.0434782608695652
5 12 33 0.260869565217391
5 12 32 0.260869565217391
5 12 30 1.04347826086957
5 12 43 0.0869565217391304
5 12 44 0.0869565217391304
5 12 46 0.0434782608695652
5 12 50 0.260869565217391
5 12 51 0.0869565217391304
5 12 36 0.434782608695652
5 12 55 0.130434782608696
5 12 60 0.217391304347826
5 12 38 0.130434782608696
5 12 81 0.0869565217391304
5 12 82 0.0869565217391304
5 12 85 0.0434782608695652
5 12 40 1.34782608695652
5 13 41 0.545454545454545
5 13 33 0.272727272727273
5 13 32 0.272727272727273
5 13 30 0.909090909090909
5 13 43 0.0454545454545455
5 13 44 0.0454545454545455
5 13 51 0.0454545454545455
5 13 36 0.227272727272727
5 13 59 0.0909090909090909
5 13 60 0.0909090909090909
5 13 38 0.0454545454545455
5 13 70 0.0454545454545455
5 13 81 0.0454545454545455
5 13 82 0.0454545454545455
5 13 83 0.0909090909090909
5 13 40 0.409090909090909
5 14 32 0.416666666666667
5 14 30 0.333333333333333
5 14 31 0.0833333333333333
5 14 42 0.0833333333333333
5 14 57 0.25
5 14 61 0.666666666666667
5 14 82 0.166666666666667
5 14 40 0.25
5 15 41 0.00943396226415094
5 15 29 0.00943396226415094
5 15 33 0.292452830188679
5 15 32 0.349056603773585
5 15 30 0.19811320754717
5 15 42 0.00943396226415094
5 15 43 0.0283018867924528
5 15 44 0.0943396226415094
5 15 46 0.00943396226415094
5 15 50 0.10377358490566
5 15 51 0.330188679245283
5 15 36 0.273584905660377
5 15 59 0.0377358490566038
5 15 60 0.0849056603773585
5 15 38 0.0754716981132075
5 15 69 0.00943396226415094
5 15 70 0.0188679245283019
5 15 81 0.339622641509434
5 15 82 0.0471698113207547
5 15 83 0.0283018867924528
5 15 40 0.509433962264151
5 17 33 0.0344827586206897
5 17 32 0.137931034482759
5 17 30 0.218390804597701
5 17 34 0.459770114942529
5 17 42 0.0344827586206897
5 17 43 0.0344827586206897
5 17 44 0.137931034482759
5 17 51 1.08045977011494
5 17 36 0.241379310344828
5 17 57 0.0114942528735632
5 17 38 0.0114942528735632
5 17 68 0.0229885057471264
5 17 70 0.0114942528735632
5 17 81 0.160919540229885
5 17 82 0.0804597701149425
5 17 83 0.0114942528735632
5 17 40 6.82758620689655
5 17 84 0.0229885057471264
5 18 30 0.5
5 18 40 0.5
5 19 41 0.0024024024024024
5 19 33 0.024024024024024
5 19 32 0.0288288288288288
5 19 30 0.123123123123123
5 19 34 0.00780780780780781
5 19 42 0.0198198198198198
5 19 43 0.0288288288288288
5 19 44 0.0354354354354354
5 19 46 6.00600600600601e-4
5 19 50 0.0042042042042042
5 19 51 0.551951951951952
5 19 36 0.0582582582582583
5 19 57 0.0024024024024024
5 19 58 0.0012012012012012
5 19 60 0.0024024024024024
5 19 62 6.00600600600601e-4
5 19 63 0.0018018018018018
5 19 38 0.00720720720720721
5 19 68 0.0024024024024024
5 19 69 0.0042042042042042
5 19 70 0.0192192192192192
5 19 73 0.0012012012012012
5 19 79 0.0012012012012012
5 19 81 0.254054054054054
5 19 82 0.0594594594594595
5 19 83 0.0264264264264264
5 19 85 0.0018018018018018
5 19 40 1.32552552552553
5 19 84 0.0222222222222222
5 21 29 0.00862068965517241
5 21 33 0.0603448275862069
5 21 32 0.0862068965517241
5 21 30 0.0948275862068965
5 21 31 0.0344827586206897
5 21 42 0.0172413793103448
5 21 43 0.181034482758621
5 21 44 0.0258620689655172
5 21 50 0.00862068965517241
5 21 51 0.0862068965517241
5 21 36 0.0172413793103448
5 21 57 0.00862068965517241
5 21 62 0.00862068965517241
5 21 38 0.0948275862068965
5 21 68 0.00862068965517241
5 21 70 0.00862068965517241
5 21 81 0.206896551724138
5 21 82 0.0431034482758621
5 21 83 0.0172413793103448
5 21 40 0.413793103448276
5 20 51 1
5 20 81 0.166666666666667
5 20 40 2.16666666666667
5 22 41 0.00952380952380952
5 22 33 0.019047619047619
5 22 32 0.0380952380952381
5 22 30 0.133333333333333
5 22 43 0.019047619047619
5 22 44 0.0380952380952381
5 22 45 0.00952380952380952
5 22 50 0.00952380952380952
5 22 51 0.323809523809524
5 22 36 0.0476190476190476
5 22 57 0.019047619047619
5 22 69 0.00952380952380952
5 22 70 0.0476190476190476
5 22 81 0.838095238095238
5 22 82 0.0476190476190476
5 22 83 0.00952380952380952
5 22 40 1.24761904761905
5 22 84 0.161904761904762
5 23 33 0.0147058823529412
5 23 32 0.0147058823529412
5 23 30 0.0441176470588235
5 23 42 0.0147058823529412
5 23 44 0.0294117647058824
5 23 46 0.0147058823529412
5 23 51 0.176470588235294
5 23 36 0.0882352941176471
5 23 60 0.0147058823529412
5 23 63 0.0294117647058824
5 23 68 0.0147058823529412
5 23 69 0.0147058823529412
5 23 70 0.0441176470588235
5 23 81 0.102941176470588
5 23 82 0.0294117647058824
5 23 83 0.0147058823529412
5 23 85 0.0147058823529412
5 23 40 0.352941176470588
5 23 84 0.0588235294117647
5 25 32 0.0344827586206897
5 25 30 0.0689655172413793
5 25 43 0.0172413793103448
5 25 44 0.0344827586206897
5 25 50 0.0172413793103448
5 25 51 0.275862068965517
5 25 36 0.0689655172413793
5 25 81 0.103448275862069
5 25 82 0.0517241379310345
5 25 83 0.0344827586206897
5 25 40 1.06896551724138
5 25 84 0.0172413793103448
6 1 41 0.0465116279069767
6 1 32 0.0465116279069767
6 1 30 0.209302325581395
6 1 50 0.0465116279069767
6 1 51 0.0232558139534884
6 1 36 0.0930232558139535
6 1 60 0.0232558139534884
6 1 63 0.627906976744186
6 1 38 0.186046511627907
6 1 81 0.13953488372093
6 1 83 0.0232558139534884
6 1 40 0.0465116279069767
6 2 63 2
6 3 28 0.25
6 3 33 0.25
6 3 30 1.5
6 3 43 0.125
6 3 51 0.125
6 3 81 1.25
6 3 40 1.125
6 3 84 0.25
6 4 33 6.23076923076923
6 4 32 2.61538461538462
6 4 30 3
6 4 43 0.0769230769230769
6 4 44 0.153846153846154
6 4 45 0.307692307692308
6 4 47 0.230769230769231
6 4 50 0.769230769230769
6 4 51 0.0769230769230769
6 4 36 0.0769230769230769
6 4 62 3.92307692307692
6 4 82 0.153846153846154
6 4 40 0.307692307692308
6 5 33 0.2
6 5 32 0.6
6 5 30 1.4
6 5 43 0.2
6 5 51 0.2
6 5 36 0.2
6 5 38 0.2
6 5 40 4.8
6 6 33 0.25
6 6 32 0.25
6 6 30 0.5
6 7 41 0.0158730158730159
6 7 33 0.0634920634920635
6 7 32 0.365079365079365
6 7 30 0.174603174603175
6 7 42 0.0158730158730159
6 7 43 0.0476190476190476
6 7 46 0.0158730158730159
6 7 50 0.0158730158730159
6 7 51 0.0317460317460317
6 7 36 0.142857142857143
6 7 60 0.142857142857143
6 7 38 0.0634920634920635
6 7 81 0.0476190476190476
6 7 40 0.714285714285714
6 8 30 0.5
6 8 40 0.5
6 10 44 0.25
6 10 50 18.5
6 10 57 0.25
6 11 41 0.1
6 11 33 0.1
6 11 32 0.2
6 11 30 0.3
6 11 36 0.1
6 11 38 0.2
6 11 40 0.3
6 12 41 0.0454545454545455
6 12 33 0.272727272727273
6 12 32 0.272727272727273
6 12 30 0.181818181818182
6 12 44 0.181818181818182
6 12 36 0.272727272727273
6 12 55 0.0454545454545455
6 12 59 0.272727272727273
6 12 60 0.363636363636364
6 12 40 0.0909090909090909
6 13 30 0.6
6 14 32 0.1
6 14 40 0.3
6 15 41 0.656716417910448
6 15 26 0.0149253731343284
6 15 33 0.373134328358209
6 15 32 0.597014925373134
6 15 30 0.552238805970149
6 15 42 0.0149253731343284
6 15 43 0.0447761194029851
6 15 44 0.17910447761194
6 15 45 0.0149253731343284
6 15 50 0.149253731343284
6 15 51 0.119402985074627
6 15 36 0.0895522388059701
6 15 59 0.0298507462686567
6 15 60 1.41791044776119
6 15 62 0.0298507462686567
6 15 38 0.0447761194029851
6 15 81 0.164179104477612
6 15 82 0.0447761194029851
6 15 83 0.0149253731343284
6 15 40 1.46268656716418
6 17 33 0.021978021978022
6 17 32 0.032967032967033
6 17 30 0.131868131868132
6 17 34 1.42857142857143
6 17 43 0.0879120879120879
6 17 44 0.0879120879120879
6 17 45 0.021978021978022
6 17 51 1.26373626373626
6 17 36 0.0769230769230769
6 17 57 0.010989010989011
6 17 38 0.021978021978022
6 17 70 0.010989010989011
6 17 79 0.010989010989011
6 17 81 0.0989010989010989
6 17 82 0.021978021978022
6 17 83 0.032967032967033
6 17 40 10.9230769230769
6 19 41 0.00225733634311512
6 19 33 0.0112866817155756
6 19 32 0.0158013544018059
6 19 30 0.0790067720090293
6 19 34 0.0248306997742664
6 19 42 0.0270880361173815
6 19 43 0.0225733634311512
6 19 44 0.0428893905191874
6 19 45 0.00225733634311512
6 19 51 0.715575620767494
6 19 52 0.00225733634311512
6 19 36 0.0744920993227991
6 19 60 0.00677200902934537
6 19 38 0.00451467268623025
6 19 79 0.00225733634311512
6 19 81 0.212189616252822
6 19 82 0.00677200902934537
6 19 83 0.00677200902934537
6 19 85 0.00225733634311512
6 19 40 2.61399548532731
6 19 84 0.0316027088036117
6 21 26 0.0114942528735632
6 21 33 0.0229885057471264
6 21 32 0.0804597701149425
6 21 30 0.0689655172413793
6 21 42 0.0229885057471264
6 21 43 0.0574712643678161
6 21 44 0.103448275862069
6 21 51 0.0919540229885057
6 21 36 0.0459770114942529
6 21 38 0.0919540229885057
6 21 81 0.0804597701149425
6 21 83 0.0114942528735632
6 21 40 0.436781609195402
6 21 84 0.0114942528735632
6 22 32 0.0133333333333333
6 22 30 0.0933333333333333
6 22 34 0.0133333333333333
6 22 42 0.0133333333333333
6 22 43 0.0133333333333333
6 22 44 0.0666666666666667
6 22 51 0.266666666666667
6 22 36 0.0933333333333333
6 22 81 0.266666666666667
6 22 82 0.0133333333333333
6 22 83 0.0266666666666667
6 22 40 3.56
6 22 84 0.04
6 23 32 0.0273972602739726
6 23 30 0.0684931506849315
6 23 43 0.0410958904109589
6 23 44 0.0136986301369863
6 23 51 0.0410958904109589
6 23 70 0.0273972602739726
6 23 81 0.0410958904109589
6 23 83 0.0410958904109589
6 23 40 1.72602739726027
6 25 30 0.0909090909090909
6 25 45 0.0909090909090909
6 25 51 0.0909090909090909
6 25 81 0.727272727272727
6 25 40 0.181818181818182
6 25 84 0.818181818181818
1 1 2 1 1.7
2 1 3 1 1.35294117647059
3 1 4 1 0.652173913043478
4 1 5 1 1.08888888888889
5 1 6 1 0.877551020408163
1 2 2 2 0.714285714285714
2 2 3 2 1
3 2 4 2 0.4
4 2 5 2 3.5
5 2 6 2 0.142857142857143
2 3 3 3 10
3 3 4 3 1
4 3 5 3 0.4
5 3 6 3 2
1 4 2 4 0.625
2 4 3 4 2.8
3 4 4 4 1
4 4 5 4 1.07142857142857
5 4 6 4 0.866666666666667
1 5 2 5 0.416666666666667
2 5 3 5 3.6
3 5 4 5 0.444444444444444
4 5 5 5 2.5
5 5 6 5 0.25
1 6 2 6 1.53846153846154
2 6 3 6 1.5
3 6 4 6 1.03333333333333
4 6 5 6 1.54838709677419
5 6 6 6 0.0833333333333333
1 7 2 7 1.05555555555556
2 7 3 7 2.71052631578947
3 7 4 7 1.22330097087379
4 7 5 7 0.515873015873016
5 7 6 7 0.969230769230769
4 8 5 8 1
5 8 6 8 0.666666666666667
1 9 2 9 1
1 10 2 10 0.8
2 10 3 10 0.5
3 10 4 10 2.5
1 11 2 11 1.36363636363636
2 11 3 11 2.93333333333333
3 11 4 11 0.522727272727273
4 11 5 11 1.04347826086957
5 11 6 11 0.416666666666667
1 12 2 12 7.66666666666667
2 12 3 12 1.26086956521739
3 12 4 12 0.689655172413793
4 12 5 12 1.15
5 12 6 12 0.956521739130435
1 13 2 13 0.829787234042553
2 13 3 13 0.717948717948718
3 13 4 13 0.75
4 13 5 13 1.04761904761905
5 13 6 13 0.227272727272727
1 14 2 14 1.85714285714286
2 14 3 14 0.538461538461538
3 14 4 14 2.42857142857143
4 14 5 14 0.705882352941177
5 14 6 14 0.833333333333333
1 15 2 15 0.521739130434783
2 15 3 15 1.70833333333333
3 15 4 15 2.8780487804878
4 15 5 15 0.898305084745763
5 15 6 15 0.632075471698113
2 16 3 16 0.235294117647059
3 16 4 16 0.5
2 17 3 17 3.5
3 17 4 17 8.14285714285714
4 17 5 17 1.52631578947368
5 17 6 17 1.04597701149425
1 19 2 19 1.03875968992248
2 19 3 19 1.01492537313433
3 19 4 19 6.41911764705882
4 19 5 19 1.90721649484536
5 19 6 19 0.266066066066066
1 20 2 20 0.555555555555556
4 20 5 20 0.5
1 21 2 21 0.646153846153846
2 21 3 21 1.80952380952381
3 21 4 21 0.960526315789474
4 21 5 21 1.58904109589041
5 21 6 21 0.75
3 22 4 22 5.11111111111111
4 22 5 22 2.28260869565217
5 22 6 22 0.714285714285714
1 23 2 23 0.38
2 23 3 23 0.368421052631579
3 23 4 23 8
4 23 5 23 1.21428571428571
5 23 6 23 1.07352941176471
1 25 2 25 1.8
2 25 3 25 0.888888888888889
3 25 4 25 2.625
4 25 5 25 2.76190476190476
5 25 6 25 0.189655172413793
1 26 2 26 3
2 26 3 26 2.66666666666667
3 26 4 26 0.625
4 26 5 26 0.2
5 26 6 26 2
1 28 2 28 4.5
2 28 3 28 0.222222222222222
3 28 4 28 3.5
1 30 2 30 0.467213114754098
2 30 3 30 2.59649122807018
3 30 4 30 1.58783783783784
4 30 5 30 1.79574468085106
5 30 6 30 0.459715639810427
1 31 2 31 2
2 31 3 31 2
1 32 2 32 0.347368421052632
2 32 3 32 5.24242424242424
3 32 4 32 1.66473988439306
4 32 5 32 0.868055555555556
5 32 6 32 0.528
1 33 2 33 0.581196581196581
2 33 3 33 3.97058823529412
3 33 4 33 0.7
4 33 5 33 1.01058201058201
5 33 6 33 0.680628272251309
4 34 5 34 2.12
5 34 6 34 2.67924528301887
4 35 5 35 0.0769230769230769
1 36 2 36 0.214285714285714
2 36 3 36 3.33333333333333
3 36 4 36 2.35714285714286
4 36 5 36 1.37575757575758
5 36 6 36 0.348017621145374
4 37 5 37 0.333333333333333
1 38 2 38 0.333333333333333
2 38 3 38 4.5
3 38 4 38 1.81481481481481
4 38 5 38 1.53061224489796
5 38 6 38 0.4
1 39 2 39 0.444444444444444
2 39 3 39 0.75
1 40 2 40 0.24007561436673
2 40 3 40 3.80314960629921
3 40 4 40 2.27743271221532
4 40 5 40 3.00090909090909
5 40 6 40 0.840957285671009
1 41 2 41 1
2 41 3 41 1.1
3 41 4 41 0.318181818181818
4 41 5 41 0.742857142857143
5 41 6 41 1.92307692307692
1 42 2 42 0.357142857142857
2 42 3 42 3.4
3 42 4 42 1.29411764705882
4 42 5 42 1.95454545454545
5 42 6 42 0.395348837209302
1 43 2 43 0.90625
2 43 3 43 1.58620689655172
3 43 4 43 1.17391304347826
4 43 5 43 1.66666666666667
5 43 6 43 0.4
1 44 2 44 0.571428571428571
2 44 3 44 4.41666666666667
3 44 4 44 1.39622641509434
4 44 5 44 1.43243243243243
5 44 6 44 0.575471698113208
1 45 2 45 1.4
2 45 3 45 22.4285714285714
3 45 4 45 0.0191082802547771
4 45 5 45 0.333333333333333
5 45 6 45 9
2 46 3 46 6
3 46 4 46 0.5
4 46 5 46 1.66666666666667
5 46 6 46 0.2
1 47 2 47 4
2 47 3 47 0.333333333333333
1 50 2 50 1.875
2 50 3 50 4.06666666666667
3 50 4 50 0.594262295081967
4 50 5 50 0.317241379310345
5 50 6 50 2.10869565217391
1 51 2 51 1.17543859649123
2 51 3 51 0.970149253731343
3 51 4 51 10.6923076923077
4 51 5 51 1.64028776978417
5 51 6 51 0.419298245614035
5 55 6 55 0.333333333333333
3 57 4 57 1
4 57 5 57 5.5
5 57 6 57 0.181818181818182
1 59 2 59 11
2 59 3 59 3.77272727272727
3 59 4 59 0.176706827309237
4 59 5 59 0.136363636363636
5 59 6 59 1.33333333333333
1 60 2 60 1.5
2 60 3 60 7.66666666666667
5 60 6 60 5.52380952380952
3 62 4 62 3
4 62 5 62 1
5 62 6 62 1.60606060606061
1 63 2 63 18
2 63 3 63 1.38888888888889
3 63 4 63 0.352
4 63 5 63 0.886363636363636
5 63 6 63 0.743589743589744
1 64 2 64 0.5
2 64 3 64 7.6
3 64 4 64 0.0526315789473684
1 69 2 69 0.5
2 69 3 69 4
3 69 4 69 3.25
4 69 5 69 1
1 70 2 70 1.25
2 70 3 70 4.6
3 70 4 70 2.26086956521739
4 70 5 70 0.923076923076923
5 70 6 70 0.0625
1 73 2 73 0.5
2 73 3 73 0.5
3 73 4 73 1
4 73 5 73 3
2 74 3 74 1
2 77 3 77 4.5
3 77 4 77 0.111111111111111
1 78 2 78 1.33333333333333
2 78 3 78 3.75
3 78 4 78 0.133333333333333
4 79 5 79 2
5 79 6 79 1
2 80 3 80 0.703703703703704
1 81 2 81 1.58426966292135
2 81 3 81 2.23404255319149
3 81 4 81 1.92063492063492
4 81 5 81 1.02809917355372
5 81 6 81 0.27491961414791
1 82 2 82 1.33333333333333
2 82 3 82 5.375
3 82 4 82 1.18604651162791
4 82 5 82 2.74509803921569
5 82 6 82 0.0785714285714286
1 83 2 83 11
2 83 3 83 0.863636363636364
3 83 4 83 0.526315789473684
4 83 5 83 6
5 83 6 83 0.233333333333333
1 84 2 84 1.9375
2 84 3 84 0.516129032258065
3 84 4 84 5.125
4 84 5 84 0.75609756097561
5 84 6 84 0.467741935483871
2 85 3 85 24.6666666666667
3 85 4 85 0.108108108108108
4 85 5 85 0.75
5 85 6 85 0.166666666666667
