*Multilayer
1 2 1 45 0.0149253731343284 1
1 2 1 82 0.0149253731343284 1
1 2 1 147 0.0149253731343284 1
1 2 1 161 0.641791044776119 1
1 2 1 170 0.0447761194029851 1
1 2 1 189 0.0298507462686567 1
1 2 1 198 0.149253731343284 1
1 2 1 222 0.0447761194029851 1
1 2 1 250 0.0149253731343284 1
1 2 1 256 0.0149253731343284 1
1 2 1 258 0.0149253731343284 1
1 3 1 61 0.0476190476190476 1
1 3 1 65 0.0476190476190476 1
1 3 1 180 0.0952380952380952 1
1 3 1 187 0.0476190476190476 1
1 3 1 225 0.0952380952380952 1
1 3 1 232 0.0476190476190476 1
1 3 1 242 0.0476190476190476 1
1 3 1 250 0.428571428571429 1
1 3 1 261 0.0476190476190476 1
1 3 1 273 0.0476190476190476 1
1 3 1 287 0.0476190476190476 1
1 8 1 61 0.0476190476190476 1
1 8 1 101 0.0476190476190476 1
1 8 1 104 0.0476190476190476 1
1 8 1 117 0.0476190476190476 1
1 8 1 161 0.0952380952380952 1
1 8 1 164 0.142857142857143 1
1 8 1 170 0.285714285714286 1
1 8 1 189 0.0476190476190476 1
1 8 1 273 0.238095238095238 1
1 9 1 51 0.0740740740740741 1
1 9 1 58 0.0185185185185185 1
1 9 1 72 0.0740740740740741 1
1 9 1 119 0.296296296296296 1
1 9 1 147 0.0185185185185185 1
1 9 1 164 0.0185185185185185 1
1 9 1 237 0.148148148148148 1
1 9 1 261 0.185185185185185 1
1 9 1 281 0.12962962962963 1
1 9 1 284 0.0185185185185185 1
1 9 1 285 0.0185185185185185 1
1 12 1 63 0.0227272727272727 1
1 12 1 86 0.0227272727272727 1
1 12 1 104 0.0227272727272727 1
1 12 1 147 0.363636363636364 1
1 12 1 160 0.0227272727272727 1
1 12 1 187 0.0227272727272727 1
1 12 1 222 0.522727272727273 1
1 14 1 104 0.0344827586206897 1
1 14 1 116 0.637931034482759 1
1 14 1 117 0.103448275862069 1
1 14 1 161 0.120689655172414 1
1 14 1 242 0.0517241379310345 1
1 14 1 244 0.0172413793103448 1
1 14 1 258 0.0344827586206897 1
1 15 1 54 0.210526315789474 1
1 15 1 147 0.157894736842105 1
1 15 1 187 0.0526315789473684 1
1 15 1 230 0.315789473684211 1
1 15 1 259 0.0526315789473684 1
1 15 1 273 0.210526315789474 1
1 17 1 61 0.0794701986754967 1
1 17 1 99 0.00662251655629139 1
1 17 1 100 0.00662251655629139 1
1 17 1 116 0.0264900662251656 1
1 17 1 117 0.0264900662251656 1
1 17 1 119 0.00662251655629139 1
1 17 1 147 0.00662251655629139 1
1 17 1 160 0.298013245033113 1
1 17 1 171 0.423841059602649 1
1 17 1 188 0.00662251655629139 1
1 17 1 196 0.033112582781457 1
1 17 1 212 0.033112582781457 1
1 17 1 237 0.0198675496688742 1
1 17 1 273 0.0198675496688742 1
1 17 1 284 0.00662251655629139 1
1 24 1 61 0.0666666666666667 1
1 24 1 65 0.0666666666666667 1
1 24 1 86 0.133333333333333 1
1 24 1 171 0.0666666666666667 1
1 24 1 212 0.2 1
1 24 1 222 0.333333333333333 1
1 24 1 258 0.0666666666666667 1
1 24 1 261 0.0666666666666667 1
1 26 1 49 0.0555555555555556 1
1 26 1 63 0.0555555555555556 1
1 26 1 82 0.222222222222222 1
1 26 1 101 0.166666666666667 1
1 26 1 187 0.111111111111111 1
1 26 1 250 0.0555555555555556 1
1 26 1 256 0.333333333333333 1
1 28 1 45 0.142857142857143 1
1 28 1 100 0.285714285714286 1
1 28 1 230 0.142857142857143 1
1 28 1 237 0.142857142857143 1
1 28 1 250 0.285714285714286 1
1 39 1 58 0.0303030303030303 1
1 39 1 63 0.0151515151515152 1
1 39 1 101 0.0151515151515152 1
1 39 1 116 0.0151515151515152 1
1 39 1 230 0.666666666666667 1
1 39 1 237 0.227272727272727 1
1 39 1 284 0.0151515151515152 1
1 39 1 287 0.0151515151515152 1
2 8 2 50 0.0053475935828877 1
2 8 2 128 0.0481283422459893 1
2 8 2 146 0.0053475935828877 1
2 8 2 168 0.0053475935828877 1
2 8 2 183 0.0962566844919786 1
2 8 2 188 0.764705882352941 1
2 8 2 206 0.0588235294117647 1
2 8 2 225 0.0160427807486631 1
2 9 2 59 0.0102040816326531 1
2 9 2 74 0.0102040816326531 1
2 9 2 84 0.0102040816326531 1
2 9 2 95 0.0306122448979592 1
2 9 2 111 0.0102040816326531 1
2 9 2 131 0.0102040816326531 1
2 9 2 168 0.0408163265306122 1
2 9 2 170 0.755102040816326 1
2 9 2 188 0.0102040816326531 1
2 9 2 214 0.0714285714285714 1
2 9 2 235 0.0102040816326531 1
2 9 2 263 0.0102040816326531 1
2 9 2 275 0.0102040816326531 1
2 9 2 284 0.0102040816326531 1
2 14 2 99 0.0238095238095238 1
2 14 2 106 0.849206349206349 1
2 14 2 170 0.0238095238095238 1
2 14 2 206 0.0158730158730159 1
2 14 2 214 0.00793650793650794 1
2 14 2 216 0.00793650793650794 1
2 14 2 234 0.00793650793650794 1
2 14 2 236 0.00793650793650794 1
2 14 2 263 0.0476190476190476 1
2 14 2 274 0.00793650793650794 1
2 15 2 66 0.0454545454545455 1
2 15 2 81 0.0454545454545455 1
2 15 2 84 0.0454545454545455 1
2 15 2 89 0.181818181818182 1
2 15 2 95 0.0454545454545455 1
2 15 2 122 0.0909090909090909 1
2 15 2 125 0.0454545454545455 1
2 15 2 236 0.181818181818182 1
2 15 2 240 0.136363636363636 1
2 15 2 242 0.0909090909090909 1
2 15 2 277 0.0909090909090909 1
2 17 2 122 0.181818181818182 1
2 17 2 128 0.0909090909090909 1
2 17 2 257 0.727272727272727 1
2 22 2 74 0.0465116279069767 1
2 22 2 84 0.186046511627907 1
2 22 2 91 0.0232558139534884 1
2 22 2 92 0.0232558139534884 1
2 22 2 93 0.0232558139534884 1
2 22 2 131 0.0232558139534884 1
2 22 2 146 0.0232558139534884 1
2 22 2 153 0.0697674418604651 1
2 22 2 163 0.162790697674419 1
2 22 2 170 0.0232558139534884 1
2 22 2 219 0.0697674418604651 1
2 22 2 257 0.325581395348837 1
2 26 2 55 0.127659574468085 1
2 26 2 59 0.0212765957446809 1
2 26 2 71 0.0212765957446809 1
2 26 2 91 0.25531914893617 1
2 26 2 101 0.0212765957446809 1
2 26 2 106 0.0212765957446809 1
2 26 2 145 0.0212765957446809 1
2 26 2 188 0.0212765957446809 1
2 26 2 197 0.0212765957446809 1
2 26 2 201 0.0212765957446809 1
2 26 2 210 0.382978723404255 1
2 26 2 242 0.0212765957446809 1
2 26 2 257 0.0425531914893617 1
2 32 2 48 0.0833333333333333 1
2 32 2 55 0.0555555555555556 1
2 32 2 74 0.0555555555555556 1
2 32 2 77 0.222222222222222 1
2 32 2 111 0.25 1
2 32 2 122 0.0277777777777778 1
2 32 2 125 0.0277777777777778 1
2 32 2 128 0.0555555555555556 1
2 32 2 197 0.0555555555555556 1
2 32 2 206 0.0555555555555556 1
2 32 2 219 0.111111111111111 1
2 36 2 59 0.107142857142857 1
2 36 2 92 0.0357142857142857 1
2 36 2 106 0.0357142857142857 1
2 36 2 145 0.0357142857142857 1
2 36 2 188 0.0357142857142857 1
2 36 2 214 0.0357142857142857 1
2 36 2 216 0.0357142857142857 1
2 36 2 219 0.142857142857143 1
2 36 2 225 0.142857142857143 1
2 36 2 229 0.392857142857143 1
3 8 3 42 0.00869565217391304 1
3 8 3 53 0.00869565217391304 1
3 8 3 56 0.0173913043478261 1
3 8 3 106 0.834782608695652 1
3 8 3 136 0.00869565217391304 1
3 8 3 165 0.00869565217391304 1
3 8 3 170 0.0347826086956522 1
3 8 3 179 0.0608695652173913 1
3 8 3 211 0.00869565217391304 1
3 8 3 274 0.00869565217391304 1
3 9 3 73 0.256410256410256 1
3 9 3 101 0.0769230769230769 1
3 9 3 159 0.128205128205128 1
3 9 3 179 0.0256410256410256 1
3 9 3 199 0.0769230769230769 1
3 9 3 211 0.0512820512820513 1
3 9 3 217 0.0256410256410256 1
3 9 3 246 0.333333333333333 1
3 9 3 251 0.0256410256410256 1
3 11 3 56 0.104166666666667 1
3 11 3 76 0.0208333333333333 1
3 11 3 95 0.0208333333333333 1
3 11 3 106 0.0416666666666667 1
3 11 3 123 0.0208333333333333 1
3 11 3 130 0.0208333333333333 1
3 11 3 139 0.145833333333333 1
3 11 3 163 0.0208333333333333 1
3 11 3 165 0.0625 1
3 11 3 187 0.520833333333333 1
3 11 3 211 0.0208333333333333 1
3 12 3 42 0.0283018867924528 1
3 12 3 92 0.0283018867924528 1
3 12 3 95 0.0754716981132075 1
3 12 3 111 0.0188679245283019 1
3 12 3 170 0.0849056603773585 1
3 12 3 235 0.0188679245283019 1
3 12 3 239 0.745283018867924 1
3 16 3 53 0.0357142857142857 1
3 16 3 60 0.285714285714286 1
3 16 3 70 0.107142857142857 1
3 16 3 123 0.0357142857142857 1
3 16 3 159 0.178571428571429 1
3 16 3 165 0.0357142857142857 1
3 16 3 170 0.0357142857142857 1
3 16 3 179 0.0714285714285714 1
3 16 3 187 0.0357142857142857 1
3 16 3 199 0.0357142857142857 1
3 16 3 211 0.0357142857142857 1
3 16 3 239 0.0357142857142857 1
3 16 3 251 0.0357142857142857 1
3 16 3 270 0.0357142857142857 1
3 17 3 55 0.142857142857143 1
3 17 3 73 0.0476190476190476 1
3 17 3 85 0.0952380952380952 1
3 17 3 123 0.19047619047619 1
3 17 3 139 0.0952380952380952 1
3 17 3 170 0.333333333333333 1
3 17 3 202 0.0476190476190476 1
3 17 3 203 0.0476190476190476 1
3 19 3 101 0.55 1
3 19 3 139 0.05 1
3 19 3 163 0.05 1
3 19 3 165 0.1 1
3 19 3 199 0.05 1
3 19 3 246 0.2 1
3 25 3 42 0.0181818181818182 1
3 25 3 55 0.109090909090909 1
3 25 3 73 0.0181818181818182 1
3 25 3 111 0.0181818181818182 1
3 25 3 115 0.0181818181818182 1
3 25 3 136 0.0363636363636364 1
3 25 3 159 0.763636363636364 1
3 25 3 282 0.0181818181818182 1
3 26 3 53 0.0263157894736842 1
3 26 3 70 0.0789473684210526 1
3 26 3 73 0.210526315789474 1
3 26 3 115 0.0789473684210526 1
3 26 3 174 0.210526315789474 1
3 26 3 179 0.210526315789474 1
3 26 3 187 0.0789473684210526 1
3 26 3 235 0.0263157894736842 1
3 26 3 275 0.0789473684210526 1
3 34 3 76 0.142857142857143 1
3 34 3 123 0.142857142857143 1
3 34 3 165 0.142857142857143 1
3 34 3 187 0.428571428571429 1
3 34 3 282 0.142857142857143 1
3 35 3 42 0.0117647058823529 1
3 35 3 50 0.0235294117647059 1
3 35 3 52 0.0117647058823529 1
3 35 3 55 0.0117647058823529 1
3 35 3 123 0.0705882352941176 1
3 35 3 136 0.0235294117647059 1
3 35 3 149 0.0352941176470588 1
3 35 3 159 0.0117647058823529 1
3 35 3 202 0.517647058823529 1
3 35 3 217 0.152941176470588 1
3 35 3 235 0.0235294117647059 1
3 35 3 246 0.105882352941176 1
3 38 3 50 0.0121212121212121 1
3 38 3 60 0.00606060606060606 1
3 38 3 85 0.00606060606060606 1
3 38 3 95 0.00606060606060606 1
3 38 3 111 0.903030303030303 1
3 38 3 151 0.0121212121212121 1
3 38 3 187 0.00606060606060606 1
3 38 3 203 0.0303030303030303 1
3 38 3 211 0.00606060606060606 1
3 38 3 251 0.0121212121212121 1
4 1 4 79 0.0714285714285714 1
4 1 4 84 0.0714285714285714 1
4 1 4 145 0.0714285714285714 1
4 1 4 192 0.0714285714285714 1
4 1 4 199 0.285714285714286 1
4 1 4 217 0.214285714285714 1
4 1 4 249 0.0714285714285714 1
4 1 4 254 0.0714285714285714 1
4 1 4 266 0.0714285714285714 1
4 7 4 46 0.01 1
4 7 4 55 0.02 1
4 7 4 64 0.01 1
4 7 4 87 0.01 1
4 7 4 130 0.01 1
4 7 4 140 0.01 1
4 7 4 143 0.01 1
4 7 4 170 0.01 1
4 7 4 176 0.16 1
4 7 4 217 0.71 1
4 7 4 227 0.01 1
4 7 4 266 0.03 1
4 8 4 44 0.0104166666666667 1
4 8 4 46 0.145833333333333 1
4 8 4 56 0.0104166666666667 1
4 8 4 60 0.0104166666666667 1
4 8 4 173 0.0208333333333333 1
4 8 4 217 0.104166666666667 1
4 8 4 226 0.0520833333333333 1
4 8 4 227 0.0208333333333333 1
4 8 4 249 0.625 1
4 9 4 73 0.0454545454545455 1
4 9 4 110 0.0454545454545455 1
4 9 4 176 0.0227272727272727 1
4 9 4 216 0.0227272727272727 1
4 9 4 220 0.0227272727272727 1
4 9 4 254 0.159090909090909 1
4 9 4 276 0.681818181818182 1
4 10 4 44 0.142857142857143 1
4 10 4 79 0.464285714285714 1
4 10 4 111 0.0178571428571429 1
4 10 4 135 0.0178571428571429 1
4 10 4 143 0.0178571428571429 1
4 10 4 154 0.0357142857142857 1
4 10 4 170 0.125 1
4 10 4 199 0.0535714285714286 1
4 10 4 204 0.0178571428571429 1
4 10 4 213 0.0178571428571429 1
4 10 4 247 0.0178571428571429 1
4 10 4 266 0.0178571428571429 1
4 10 4 275 0.0535714285714286 1
4 12 4 56 0.0169491525423729 1
4 12 4 92 0.0169491525423729 1
4 12 4 110 0.23728813559322 1
4 12 4 185 0.610169491525424 1
4 12 4 199 0.0169491525423729 1
4 12 4 252 0.0677966101694915 1
4 12 4 280 0.0338983050847458 1
4 13 4 98 0.133333333333333 1
4 13 4 110 0.0333333333333333 1
4 13 4 163 0.0333333333333333 1
4 13 4 173 0.1 1
4 13 4 199 0.466666666666667 1
4 13 4 204 0.0333333333333333 1
4 13 4 216 0.0333333333333333 1
4 13 4 227 0.0666666666666667 1
4 13 4 241 0.0333333333333333 1
4 13 4 252 0.0333333333333333 1
4 13 4 284 0.0333333333333333 1
4 14 4 46 0.716417910447761 1
4 14 4 62 0.0447761194029851 1
4 14 4 130 0.0149253731343284 1
4 14 4 140 0.0149253731343284 1
4 14 4 150 0.0895522388059701 1
4 14 4 154 0.0447761194029851 1
4 14 4 199 0.0149253731343284 1
4 14 4 241 0.0149253731343284 1
4 14 4 253 0.0149253731343284 1
4 14 4 254 0.0298507462686567 1
4 17 4 56 0.111111111111111 1
4 17 4 62 0.222222222222222 1
4 17 4 204 0.0555555555555556 1
4 17 4 266 0.611111111111111 1
4 20 4 92 0.02 1
4 20 4 111 0.02 1
4 20 4 182 0.02 1
4 20 4 187 0.9 1
4 20 4 192 0.02 1
4 20 4 247 0.02 1
4 23 4 101 0.111111111111111 1
4 23 4 135 0.111111111111111 1
4 23 4 154 0.111111111111111 1
4 23 4 217 0.444444444444444 1
4 23 4 238 0.111111111111111 1
4 23 4 253 0.111111111111111 1
4 26 4 56 0.025 1
4 26 4 101 0.025 1
4 26 4 163 0.075 1
4 26 4 167 0.425 1
4 26 4 170 0.025 1
4 26 4 182 0.075 1
4 26 4 185 0.05 1
4 26 4 199 0.05 1
4 26 4 217 0.075 1
4 26 4 220 0.025 1
4 26 4 226 0.05 1
4 26 4 249 0.05 1
4 26 4 266 0.05 1
4 31 4 62 0.130434782608696 1
4 31 4 110 0.130434782608696 1
4 31 4 130 0.0434782608695652 1
4 31 4 200 0.0434782608695652 1
4 31 4 238 0.0434782608695652 1
4 31 4 243 0.217391304347826 1
4 31 4 254 0.347826086956522 1
4 31 4 266 0.0434782608695652 1
4 34 4 46 0.0588235294117647 1
4 34 4 98 0.0588235294117647 1
4 34 4 111 0.176470588235294 1
4 34 4 137 0.0588235294117647 1
4 34 4 199 0.0588235294117647 1
4 34 4 217 0.470588235294118 1
4 34 4 280 0.117647058823529 1
4 37 4 56 0.740740740740741 1
4 37 4 165 0.0185185185185185 1
4 37 4 173 0.0185185185185185 1
4 37 4 176 0.0185185185185185 1
4 37 4 182 0.0185185185185185 1
4 37 4 187 0.0925925925925926 1
4 37 4 247 0.0185185185185185 1
4 37 4 266 0.0740740740740741 1
4 38 4 46 0.0454545454545455 1
4 38 4 176 0.0909090909090909 1
4 38 4 199 0.0909090909090909 1
4 38 4 204 0.181818181818182 1
4 38 4 213 0.0454545454545455 1
4 38 4 241 0.227272727272727 1
4 38 4 247 0.181818181818182 1
4 38 4 279 0.0909090909090909 1
4 38 4 280 0.0454545454545455 1
5 1 5 44 0.09756098 1
5 1 5 104 0.2926829 1
5 1 5 124 0.02439024 1
5 1 5 165 0.02439024 1
5 1 5 217 0.5121951 1
5 1 5 275 0.02439024 1
5 1 5 284 0.02439024 1
5 4 5 44 0.4494382 1
5 4 5 92 0.01123596 1
5 4 5 260 0.02247191 1
5 4 5 274 0.01123596 1
5 4 5 275 0.505618 1
5 5 5 41 0.7943925 1
5 5 5 56 0.03738318 1
5 5 5 120 0.01869159 1
5 5 5 126 0.009345794 1
5 5 5 137 0.009345794 1
5 5 5 140 0.009345794 1
5 5 5 165 0.06542056 1
5 5 5 190 0.01869159 1
5 5 5 227 0.009345794 1
5 5 5 254 0.009345794 1
5 5 5 284 0.01869159 1
5 6 5 78 0.1666667 1
5 6 5 118 0.3333333 1
5 6 5 120 0.1666667 1
5 6 5 138 0.1666667 1
5 6 5 139 0.1666667 1
5 8 5 118 0.8 1
5 8 5 120 0.1 1
5 8 5 124 0.1 1
5 9 5 87 0.01886792 1
5 9 5 109 0.01886792 1
5 9 5 112 0.3584906 1
5 9 5 140 0.01886792 1
5 9 5 152 0.01886792 1
5 9 5 166 0.1886792 1
5 9 5 187 0.01886792 1
5 9 5 254 0.01886792 1
5 9 5 270 0.2830189 1
5 9 5 276 0.05660377 1
5 10 5 56 0.01851852 1
5 10 5 92 0.01851852 1
5 10 5 96 0.03703704 1
5 10 5 120 0.1481481 1
5 10 5 124 0.05555556 1
5 10 5 163 0.07407407 1
5 10 5 181 0.05555556 1
5 10 5 187 0.01851852 1
5 10 5 217 0.01851852 1
5 10 5 218 0.07407407 1
5 10 5 266 0.3518519 1
5 10 5 276 0.1296296 1
5 12 5 43 0.08510638 1
5 12 5 78 0.2340426 1
5 12 5 81 0.4042553 1
5 12 5 118 0.0212766 1
5 12 5 132 0.1489362 1
5 12 5 135 0.0212766 1
5 12 5 137 0.0212766 1
5 12 5 175 0.0212766 1
5 12 5 260 0.0212766 1
5 12 5 278 0.0212766 1
5 13 5 56 0.03076923 1
5 13 5 78 0.06153846 1
5 13 5 132 0.2461538 1
5 13 5 141 0.5692308 1
5 13 5 142 0.07692308 1
5 13 5 254 0.01538462 1
5 16 5 96 0.02857143 1
5 16 5 120 0.5142857 1
5 16 5 126 0.05714286 1
5 16 5 137 0.02857143 1
5 16 5 142 0.05714286 1
5 16 5 152 0.2571429 1
5 16 5 270 0.02857143 1
5 16 5 278 0.02857143 1
5 17 5 43 0.175 1
5 17 5 87 0.025 1
5 17 5 92 0.375 1
5 17 5 139 0.05 1
5 17 5 158 0.275 1
5 17 5 175 0.05 1
5 17 5 178 0.025 1
5 17 5 211 0.025 1
5 18 5 92 0.005882353 1
5 18 5 138 0.4176471 1
5 18 5 139 0.1117647 1
5 18 5 178 0.2823529 1
5 18 5 260 0.1294118 1
5 18 5 270 0.05294118 1
5 26 5 124 0.1818182 1
5 26 5 187 0.3636364 1
5 26 5 242 0.09090909 1
5 26 5 276 0.1818182 1
5 26 5 278 0.1818182 1
5 27 5 78 0.3875 1
5 27 5 102 0.125 1
5 27 5 137 0.175 1
5 27 5 152 0.0125 1
5 27 5 190 0.1 1
5 27 5 193 0.1875 1
5 27 5 211 0.0125 1
5 29 5 101 0.3 1
5 29 5 102 0.1 1
5 29 5 112 0.1 1
5 29 5 124 0.1 1
5 29 5 135 0.1 1
5 29 5 181 0.1 1
5 29 5 275 0.2 1
5 30 5 56 0.006993007 1
5 30 5 96 0.4755245 1
5 30 5 126 0.3706294 1
5 30 5 137 0.02097902 1
5 30 5 138 0.1188811 1
5 30 5 276 0.006993007 1
5 31 5 81 0.09090909 1
5 31 5 87 0.09090909 1
5 31 5 102 0.1818182 1
5 31 5 132 0.09090909 1
5 31 5 165 0.09090909 1
5 31 5 227 0.2727273 1
5 31 5 270 0.1818182 1
5 35 5 78 0.1111111 1
5 35 5 140 0.1666667 1
5 35 5 190 0.6666667 1
5 35 5 193 0.05555556 1
5 38 5 50 0.03448276 1
5 38 5 101 0.137931 1
5 38 5 104 0.03448276 1
5 38 5 120 0.1724138 1
5 38 5 140 0.3103448 1
5 38 5 158 0.03448276 1
5 38 5 167 0.2758621 1
6 1 6 68 0.3888889 1
6 1 6 92 0.2222222 1
6 1 6 98 0.05555556 1
6 1 6 133 0.05555556 1
6 1 6 138 0.1111111 1
6 1 6 207 0.05555556 1
6 1 6 270 0.1111111 1
6 4 6 56 0.3913043 1
6 4 6 60 0.1304348 1
6 4 6 80 0.04347826 1
6 4 6 163 0.04347826 1
6 4 6 170 0.08695652 1
6 4 6 245 0.04347826 1
6 4 6 275 0.2608696 1
6 8 6 98 0.3888889 1
6 8 6 108 0.05555556 1
6 8 6 133 0.1666667 1
6 8 6 203 0.1111111 1
6 8 6 215 0.1111111 1
6 8 6 239 0.1111111 1
6 8 6 245 0.05555556 1
6 9 6 88 0.01449275 1
6 9 6 146 0.01449275 1
6 9 6 163 0.5217391 1
6 9 6 170 0.01449275 1
6 9 6 215 0.02898551 1
6 9 6 219 0.02898551 1
6 9 6 239 0.3188406 1
6 9 6 274 0.01449275 1
6 9 6 275 0.01449275 1
6 9 6 283 0.02898551 1
6 10 6 68 0.2571429 1
6 10 6 111 0.02857143 1
6 10 6 192 0.02857143 1
6 10 6 215 0.02857143 1
6 10 6 235 0.6 1
6 10 6 245 0.05714286 1
6 12 6 55 0.04918033 1
6 12 6 60 0.03278689 1
6 12 6 68 0.03278689 1
6 12 6 88 0.01639344 1
6 12 6 143 0.01639344 1
6 12 6 187 0.1147541 1
6 12 6 216 0.3114754 1
6 12 6 239 0.03278689 1
6 12 6 269 0.01639344 1
6 12 6 275 0.3442623 1
6 12 6 284 0.03278689 1
6 16 6 177 0.04 1
6 16 6 197 0.04 1
6 16 6 219 0.08 1
6 16 6 235 0.68 1
6 16 6 269 0.04 1
6 16 6 284 0.12 1
6 17 6 84 0.01428571 1
6 17 6 90 0.1142857 1
6 17 6 126 0.05714286 1
6 17 6 143 0.01428571 1
6 17 6 146 0.01428571 1
6 17 6 205 0.02857143 1
6 17 6 207 0.01428571 1
6 17 6 219 0.1 1
6 17 6 245 0.5714286 1
6 17 6 255 0.07142857 1
6 20 6 56 0.440678 1
6 20 6 60 0.01694915 1
6 20 6 90 0.01694915 1
6 20 6 101 0.01694915 1
6 20 6 111 0.05084746 1
6 20 6 126 0.01694915 1
6 20 6 187 0.01694915 1
6 20 6 192 0.03389831 1
6 20 6 205 0.01694915 1
6 20 6 207 0.1186441 1
6 20 6 215 0.01694915 1
6 20 6 216 0.1355932 1
6 20 6 238 0.06779661 1
6 20 6 239 0.01694915 1
6 20 6 243 0.01694915 1
6 26 6 47 0.01459854 1
6 26 6 55 0.3722628 1
6 26 6 88 0.03649635 1
6 26 6 90 0.4525547 1
6 26 6 141 0.00729927 1
6 26 6 144 0.00729927 1
6 26 6 165 0.00729927 1
6 26 6 238 0.08029197 1
6 26 6 245 0.00729927 1
6 26 6 274 0.01459854 1
6 31 6 56 0.03703704 1
6 31 6 60 0.03703704 1
6 31 6 88 0.03703704 1
6 31 6 108 0.2222222 1
6 31 6 146 0.03703704 1
6 31 6 148 0.2222222 1
6 31 6 203 0.07407407 1
6 31 6 238 0.07407407 1
6 31 6 270 0.2592593 1
6 33 6 101 0.03333333 1
6 33 6 144 0.1333333 1
6 33 6 177 0.1 1
6 33 6 243 0.7333333 1
6 34 6 92 0.1111111 1
6 34 6 108 0.1111111 1
6 34 6 197 0.1111111 1
6 34 6 239 0.6666667 1
6 35 6 101 0.02272727 1
6 35 6 108 0.7727273 1
6 35 6 126 0.02272727 1
6 35 6 143 0.09090909 1
6 35 6 216 0.02272727 1
6 35 6 235 0.02272727 1
6 35 6 284 0.04545455 1
6 36 6 67 0.4285714 1
6 36 6 101 0.1428571 1
6 36 6 283 0.4285714 1
7 4 7 92 0.07692308 1
7 4 7 121 0.07692308 1
7 4 7 139 0.4615385 1
7 4 7 274 0.07692308 1
7 4 7 275 0.1538462 1
7 4 7 288 0.1538462 1
7 5 7 55 0.07692308 1
7 5 7 92 0.03846154 1
7 5 7 96 0.03846154 1
7 5 7 98 0.2307692 1
7 5 7 103 0.03846154 1
7 5 7 134 0.07692308 1
7 5 7 193 0.07692308 1
7 5 7 207 0.07692308 1
7 5 7 209 0.03846154 1
7 5 7 226 0.1538462 1
7 5 7 243 0.03846154 1
7 5 7 270 0.1153846 1
7 8 7 55 0.009708738 1
7 8 7 92 0.407767 1
7 8 7 133 0.4951456 1
7 8 7 162 0.009708738 1
7 8 7 191 0.009708738 1
7 8 7 192 0.03883495 1
7 8 7 202 0.01941748 1
7 8 7 288 0.009708738 1
7 9 7 103 0.05555556 1
7 9 7 111 0.05555556 1
7 9 7 126 0.1666667 1
7 9 7 127 0.1111111 1
7 9 7 163 0.2777778 1
7 9 7 170 0.05555556 1
7 9 7 233 0.05555556 1
7 9 7 242 0.05555556 1
7 9 7 243 0.05555556 1
7 9 7 270 0.05555556 1
7 9 7 274 0.05555556 1
7 10 7 92 0.01315789 1
7 10 7 96 0.01315789 1
7 10 7 126 0.01315789 1
7 10 7 129 0.01315789 1
7 10 7 165 0.01315789 1
7 10 7 208 0.01315789 1
7 10 7 209 0.02631579 1
7 10 7 226 0.01315789 1
7 10 7 255 0.01315789 1
7 10 7 274 0.01315789 1
7 10 7 288 0.8552632 1
7 21 7 141 0.6666667 1
7 21 7 288 0.3333333 1
7 31 7 75 0.02173913 1
7 31 7 107 0.01086957 1
7 31 7 138 0.1086957 1
7 31 7 140 0.7717391 1
7 31 7 141 0.0326087 1
7 31 7 207 0.01086957 1
7 31 7 265 0.04347826 1
7 33 7 126 0.05 1
7 33 7 127 0.0125 1
7 33 7 129 0.0125 1
7 33 7 170 0.0125 1
7 33 7 211 0.0125 1
7 33 7 228 0.8875 1
7 33 7 239 0.0125 1
7 35 7 108 0.30232560000000003 1
7 35 7 126 0.255814 1
7 35 7 129 0.02325581 1
7 35 7 134 0.02325581 1
7 35 7 190 0.02325581 1
7 35 7 211 0.255814 1
7 35 7 270 0.06976744 1
7 35 7 275 0.04651163 1
7 37 7 75 0.08333333 1
7 37 7 107 0.1666667 1
7 37 7 115 0.08333333 1
7 37 7 133 0.08333333 1
7 37 7 207 0.1666667 1
7 37 7 248 0.3333333 1
7 37 7 255 0.08333333 1
7 38 7 92 0.02272727 1
7 38 7 108 0.02272727 1
7 38 7 129 0.02272727 1
7 38 7 139 0.2727273 1
7 38 7 165 0.1818182 1
7 38 7 191 0.2954545 1
7 38 7 202 0.1136364 1
7 38 7 211 0.04545455 1
7 38 7 248 0.02272727 1
1 45 1 2 0.5 1
1 82 1 2 0.2 1
1 147 1 2 0.04545455 1
1 161 1 2 0.8269231 1
1 170 1 2 0.3333333 1
1 189 1 2 0.6666667 1
1 198 1 2 1 1
1 222 1 2 0.09677419 1
1 250 1 2 0.07692308 1
1 256 1 2 0.1428571 1
1 258 1 2 0.25 1
1 61 1 3 0.06666667 1
1 65 1 3 0.5 1
1 180 1 3 1 1
1 187 1 3 0.2 1
1 225 1 3 1 1
1 232 1 3 1 1
1 242 1 3 0.25 1
1 250 1 3 0.6923077 1
1 261 1 3 0.08333333 1
1 273 1 3 0.07692308 1
1 287 1 3 0.5 1
1 61 1 8 0.06666667 1
1 101 1 8 0.2 1
1 104 1 8 0.25 1
1 117 1 8 0.09090909 1
1 161 1 8 0.03846154 1
1 164 1 8 0.75 1
1 170 1 8 0.6666667 1
1 189 1 8 0.3333333 1
1 273 1 8 0.3846154 1
1 51 1 9 1 1
1 58 1 9 0.3333333 1
1 72 1 9 1 1
1 119 1 9 0.9411765 1
1 147 1 9 0.04545455 1
1 164 1 9 0.25 1
1 237 1 9 0.2962963 1
1 261 1 9 0.8333333 1
1 281 1 9 1 1
1 284 1 9 0.3333333 1
1 285 1 9 1 1
1 63 1 12 0.3333333 1
1 86 1 12 0.3333333 1
1 104 1 12 0.25 1
1 147 1 12 0.7272727 1
1 160 1 12 0.02173913 1
1 187 1 12 0.2 1
1 222 1 12 0.7419355 1
1 104 1 14 0.5 1
1 116 1 14 0.8809524 1
1 117 1 14 0.5454545 1
1 161 1 14 0.1346154 1
1 242 1 14 0.75 1
1 244 1 14 1 1
1 258 1 14 0.5 1
1 54 1 15 1 1
1 147 1 15 0.1363636 1
1 187 1 15 0.2 1
1 230 1 15 0.1176471 1
1 259 1 15 1 1
1 273 1 15 0.3076923 1
1 61 1 17 0.8 1
1 99 1 17 1 1
1 100 1 17 0.3333333 1
1 116 1 17 0.0952381 1
1 117 1 17 0.3636364 1
1 119 1 17 0.05882353 1
1 147 1 17 0.04545455 1
1 160 1 17 0.9782609 1
1 171 1 17 0.9846154 1
1 188 1 17 1 1
1 196 1 17 1 1
1 212 1 17 0.625 1
1 237 1 17 0.1111111 1
1 273 1 17 0.2307692 1
1 284 1 17 0.3333333 1
1 61 1 24 0.06666667 1
1 65 1 24 0.5 1
1 86 1 24 0.6666667 1
1 171 1 24 0.01538462 1
1 212 1 24 0.375 1
1 222 1 24 0.1612903 1
1 258 1 24 0.25 1
1 261 1 24 0.08333333 1
1 49 1 26 1 1
1 63 1 26 0.3333333 1
1 82 1 26 0.8 1
1 101 1 26 0.6 1
1 187 1 26 0.4 1
1 250 1 26 0.07692308 1
1 256 1 26 0.8571429 1
1 45 1 28 0.5 1
1 100 1 28 0.6666667 1
1 230 1 28 0.01960784 1
1 237 1 28 0.03703704 1
1 250 1 28 0.1538462 1
1 58 1 39 0.6666667 1
1 63 1 39 0.3333333 1
1 101 1 39 0.2 1
1 116 1 39 0.02380952 1
1 230 1 39 0.8627451 1
1 237 1 39 0.5555556 1
1 284 1 39 0.3333333 1
1 287 1 39 0.5 1
2 50 2 8 1 1
2 128 2 8 0.75 1
2 146 2 8 0.5 1
2 168 2 8 0.2 1
2 183 2 8 1 1
2 188 2 8 0.9794521 1
2 206 2 8 0.7333333 1
2 225 2 8 0.4285714 1
2 59 2 9 0.2 1
2 74 2 9 0.2 1
2 84 2 9 0.1 1
2 95 2 9 0.75 1
2 111 2 9 0.1 1
2 131 2 9 0.5 1
2 168 2 9 0.8 1
2 170 2 9 0.9487179 1
2 188 2 9 0.006849315 1
2 214 2 9 0.7777778 1
2 235 2 9 1 1
2 263 2 9 0.1428571 1
2 275 2 9 1 1
2 284 2 9 1 1
2 99 2 14 1 1
2 106 2 14 0.9816514 1
2 170 2 14 0.03846154 1
2 206 2 14 0.1333333 1
2 214 2 14 0.1111111 1
2 216 2 14 0.5 1
2 234 2 14 1 1
2 236 2 14 0.2 1
2 263 2 14 0.8571429 1
2 274 2 14 1 1
2 66 2 15 1 1
2 81 2 15 1 1
2 84 2 15 0.1 1
2 89 2 15 1 1
2 95 2 15 0.25 1
2 122 2 15 0.4 1
2 125 2 15 0.5 1
2 236 2 15 0.8 1
2 240 2 15 1 1
2 242 2 15 0.6666667 1
2 277 2 15 1 1
2 122 2 17 0.4 1
2 128 2 17 0.08333333 1
2 257 2 17 0.3333333 1
2 74 2 22 0.4 1
2 84 2 22 0.8 1
2 91 2 22 0.07692308 1
2 92 2 22 0.5 1
2 93 2 22 1 1
2 131 2 22 0.5 1
2 146 2 22 0.5 1
2 153 2 22 1 1
2 163 2 22 1 1
2 170 2 22 0.01282051 1
2 219 2 22 0.2727273 1
2 257 2 22 0.5833333 1
2 55 2 26 0.75 1
2 59 2 26 0.2 1
2 71 2 26 1 1
2 91 2 26 0.9230769 1
2 101 2 26 1 1
2 106 2 26 0.009174312 1
2 145 2 26 0.5 1
2 188 2 26 0.006849315 1
2 197 2 26 0.3333333 1
2 201 2 26 1 1
2 210 2 26 1 1
2 242 2 26 0.3333333 1
2 257 2 26 0.08333333 1
2 48 2 32 1 1
2 55 2 32 0.25 1
2 74 2 32 0.4 1
2 77 2 32 1 1
2 111 2 32 0.9 1
2 122 2 32 0.2 1
2 125 2 32 0.5 1
2 128 2 32 0.1666667 1
2 197 2 32 0.6666667 1
2 206 2 32 0.1333333 1
2 219 2 32 0.3636364 1
2 59 2 36 0.6 1
2 92 2 36 0.5 1
2 106 2 36 0.009174312 1
2 145 2 36 0.5 1
2 188 2 36 0.006849315 1
2 214 2 36 0.1111111 1
2 216 2 36 0.5 1
2 219 2 36 0.3636364 1
2 225 2 36 0.5714286 1
2 229 2 36 1 1
3 42 3 8 0.1666667 1
3 53 3 8 0.3333333 1
3 56 3 8 0.2857143 1
3 106 3 8 0.9795918 1
3 136 3 8 0.2 1
3 165 3 8 0.125 1
3 170 3 8 0.1904762 1
3 179 3 8 0.3888889 1
3 211 3 8 0.1666667 1
3 274 3 8 1 1
3 73 3 9 0.5 1
3 101 3 9 0.2142857 1
3 159 3 9 0.09433962 1
3 179 3 9 0.05555556 1
3 199 3 9 0.6 1
3 211 3 9 0.3333333 1
3 217 3 9 0.07142857 1
3 246 3 9 0.5 1
3 251 3 9 0.25 1
3 56 3 11 0.7142857 1
3 76 3 11 0.5 1
3 95 3 11 0.1 1
3 106 3 11 0.02040816 1
3 123 3 11 0.07692308 1
3 130 3 11 1 1
3 139 3 11 0.7 1
3 163 3 11 0.5 1
3 165 3 11 0.375 1
3 187 3 11 0.7575758 1
3 211 3 11 0.1666667 1
3 42 3 12 0.5 1
3 92 3 12 1 1
3 95 3 12 0.8 1
3 111 3 12 0.01315789 1
3 170 3 12 0.4285714 1
3 235 3 12 0.4 1
3 239 3 12 0.9875 1
3 53 3 16 0.3333333 1
3 60 3 16 0.8888889 1
3 70 3 16 0.5 1
3 123 3 16 0.07692308 1
3 159 3 16 0.09433962 1
3 165 3 16 0.125 1
3 170 3 16 0.04761905 1
3 179 3 16 0.1111111 1
3 187 3 16 0.03030303 1
3 199 3 16 0.2 1
3 211 3 16 0.1666667 1
3 239 3 16 0.0125 1
3 251 3 16 0.25 1
3 270 3 16 1 1
3 55 3 17 0.3 1
3 73 3 17 0.05 1
3 85 3 17 0.6666667 1
3 123 3 17 0.3076923 1
3 139 3 17 0.2 1
3 170 3 17 0.3333333 1
3 202 3 17 0.02222222 1
3 203 3 17 0.1666667 1
3 101 3 19 0.7857143 1
3 139 3 19 0.1 1
3 163 3 19 0.5 1
3 165 3 19 0.25 1
3 199 3 19 0.2 1
3 246 3 19 0.1538462 1
3 42 3 25 0.1666667 1
3 55 3 25 0.6 1
3 73 3 25 0.05 1
3 111 3 25 0.006578947 1
3 115 3 25 0.25 1
3 136 3 25 0.4 1
3 159 3 25 0.7924528 1
3 282 3 25 0.5 1
3 53 3 26 0.3333333 1
3 70 3 26 0.5 1
3 73 3 26 0.4 1
3 115 3 26 0.75 1
3 174 3 26 1 1
3 179 3 26 0.4444444 1
3 187 3 26 0.09090909 1
3 235 3 26 0.2 1
3 275 3 26 1 1
3 76 3 34 0.5 1
3 123 3 34 0.07692308 1
3 165 3 34 0.125 1
3 187 3 34 0.09090909 1
3 282 3 34 0.5 1
3 42 3 35 0.1666667 1
3 50 3 35 0.5 1
3 52 3 35 1 1
3 55 3 35 0.1 1
3 123 3 35 0.4615385 1
3 136 3 35 0.4 1
3 149 3 35 1 1
3 159 3 35 0.01886792 1
3 202 3 35 0.9777778 1
3 217 3 35 0.9285714 1
3 235 3 35 0.4 1
3 246 3 35 0.3461538 1
3 50 3 38 0.5 1
3 60 3 38 0.1111111 1
3 85 3 38 0.3333333 1
3 95 3 38 0.1 1
3 111 3 38 0.9802632 1
3 151 3 38 1 1
3 187 3 38 0.03030303 1
3 203 3 38 0.8333333 1
3 211 3 38 0.1666667 1
3 251 3 38 0.5 1
4 79 4 1 0.03703704 1
4 84 4 1 1 1
4 145 4 1 1 1
4 192 4 1 0.5 1
4 199 4 1 0.1428571 1
4 217 4 1 0.03030303 1
4 249 4 1 0.01587302 1
4 254 4 1 0.05555556 1
4 266 4 1 0.04347826 1
4 46 4 7 0.01538462 1
4 55 4 7 1 1
4 64 4 7 1 1
4 87 4 7 1 1
4 130 4 7 0.3333333 1
4 140 4 7 0.5 1
4 143 4 7 0.5 1
4 170 4 7 0.1111111 1
4 176 4 7 0.8 1
4 217 4 7 0.7171717 1
4 227 4 7 0.2 1
4 266 4 7 0.1304348 1
4 44 4 8 0.1111111 1
4 46 4 8 0.2153846 1
4 56 4 8 0.02222222 1
4 60 4 8 1 1
4 173 4 8 0.3333333 1
4 217 4 8 0.1010101 1
4 226 4 8 0.7142857 1
4 227 4 8 0.4 1
4 249 4 8 0.952381 1
4 73 4 9 1 1
4 110 4 9 0.1 1
4 176 4 9 0.05 1
4 216 4 9 0.5 1
4 220 4 9 0.5 1
4 254 4 9 0.3888889 1
4 276 4 9 1 1
4 44 4 10 0.8888889 1
4 79 4 10 0.962963 1
4 111 4 10 0.2 1
4 135 4 10 0.5 1
4 143 4 10 0.5 1
4 154 4 10 0.3333333 1
4 170 4 10 0.7777778 1
4 199 4 10 0.1071429 1
4 204 4 10 0.1428571 1
4 213 4 10 0.5 1
4 247 4 10 0.1428571 1
4 266 4 10 0.04347826 1
4 275 4 10 1 1
4 56 4 12 0.02222222 1
4 92 4 12 0.5 1
4 110 4 12 0.7 1
4 185 4 12 0.9473684 1
4 199 4 12 0.03571429 1
4 252 4 12 0.8 1
4 280 4 12 0.4 1
4 98 4 13 0.8 1
4 110 4 13 0.05 1
4 163 4 13 0.25 1
4 173 4 13 0.5 1
4 199 4 13 0.5 1
4 204 4 13 0.1428571 1
4 216 4 13 0.5 1
4 227 4 13 0.4 1
4 241 4 13 0.1428571 1
4 252 4 13 0.2 1
4 284 4 13 1 1
4 46 4 14 0.7384615 1
4 62 4 14 0.3 1
4 130 4 14 0.3333333 1
4 140 4 14 0.5 1
4 150 4 14 1 1
4 154 4 14 0.5 1
4 199 4 14 0.03571429 1
4 241 4 14 0.1428571 1
4 253 4 14 0.5 1
4 254 4 14 0.1111111 1
4 56 4 17 0.04444444 1
4 62 4 17 0.4 1
4 204 4 17 0.1428571 1
4 266 4 17 0.4782609 1
4 92 4 20 0.5 1
4 111 4 20 0.2 1
4 182 4 20 0.2 1
4 187 4 20 0.9 1
4 192 4 20 0.5 1
4 247 4 20 0.1428571 1
4 101 4 23 0.5 1
4 135 4 23 0.5 1
4 154 4 23 0.1666667 1
4 217 4 23 0.04040404 1
4 238 4 23 0.5 1
4 253 4 23 0.5 1
4 56 4 26 0.02222222 1
4 101 4 26 0.5 1
4 163 4 26 0.75 1
4 167 4 26 1 1
4 170 4 26 0.1111111 1
4 182 4 26 0.6 1
4 185 4 26 0.05263158 1
4 199 4 26 0.07142857 1
4 217 4 26 0.03030303 1
4 220 4 26 0.5 1
4 226 4 26 0.2857143 1
4 249 4 26 0.03174603 1
4 266 4 26 0.08695652 1
4 62 4 31 0.3 1
4 110 4 31 0.15 1
4 130 4 31 0.3333333 1
4 200 4 31 1 1
4 238 4 31 0.5 1
4 243 4 31 1 1
4 254 4 31 0.4444444 1
4 266 4 31 0.04347826 1
4 46 4 34 0.01538462 1
4 98 4 34 0.2 1
4 111 4 34 0.6 1
4 137 4 34 1 1
4 199 4 34 0.03571429 1
4 217 4 34 0.08080808 1
4 280 4 34 0.4 1
4 56 4 37 0.8888889 1
4 165 4 37 1 1
4 173 4 37 0.1666667 1
4 176 4 37 0.05 1
4 182 4 37 0.2 1
4 187 4 37 0.1 1
4 247 4 37 0.1428571 1
4 266 4 37 0.173913 1
4 46 4 38 0.01538462 1
4 176 4 38 0.1 1
4 199 4 38 0.07142857 1
4 204 4 38 0.5714286 1
4 213 4 38 0.5 1
4 241 4 38 0.7142857 1
4 247 4 38 0.5714286 1
4 279 4 38 1 1
4 280 4 38 0.2 1
5 44 5 1 0.09090909 1
5 104 5 1 0.9230769 1
5 124 5 1 0.125 1
5 165 5 1 0.1111111 1
5 217 5 1 0.9545455 1
5 275 5 1 0.02083333 1
5 284 5 1 0.3333333 1
5 44 5 4 0.9090909 1
5 92 5 4 0.05555556 1
5 260 5 4 0.08 1
5 274 5 4 1 1
5 275 5 4 0.9375 1
5 41 5 5 1 1
5 56 5 5 0.5 1
5 120 5 5 0.05714286 1
5 126 5 5 0.01785714 1
5 137 5 5 0.05 1
5 140 5 5 0.07142857 1
5 165 5 5 0.7777778 1
5 190 5 5 0.09090909 1
5 227 5 5 0.25 1
5 254 5 5 0.3333333 1
5 284 5 5 0.6666667 1
5 78 5 6 0.02040816 1
5 118 5 6 0.1818182 1
5 120 5 6 0.02857143 1
5 138 5 6 0.01123596 1
5 139 5 6 0.04545455 1
5 118 5 8 0.7272727 1
5 120 5 8 0.02857143 1
5 124 5 8 0.125 1
5 87 5 9 0.3333333 1
5 109 5 9 1 1
5 112 5 9 0.95 1
5 140 5 9 0.07142857 1
5 152 5 9 0.09090909 1
5 166 5 9 1 1
5 187 5 9 0.1666667 1
5 254 5 9 0.3333333 1
5 270 5 9 0.5555556 1
5 276 5 9 0.2307692 1
5 56 5 10 0.125 1
5 92 5 10 0.05555556 1
5 96 5 10 0.02816901 1
5 120 5 10 0.2285714 1
5 124 5 10 0.375 1
5 163 5 10 1 1
5 181 5 10 0.75 1
5 187 5 10 0.1666667 1
5 217 5 10 0.04545455 1
5 218 5 10 1 1
5 266 5 10 1 1
5 276 5 10 0.5384615 1
5 43 5 12 0.3636364 1
5 78 5 12 0.2244898 1
5 81 5 12 0.95 1
5 118 5 12 0.09090909 1
5 132 5 12 0.2916667 1
5 135 5 12 0.5 1
5 137 5 12 0.05 1
5 175 5 12 0.3333333 1
5 260 5 12 0.04 1
5 278 5 12 0.25 1
5 56 5 13 0.25 1
5 78 5 13 0.08163265 1
5 132 5 13 0.6666667 1
5 141 5 13 1 1
5 142 5 13 0.7142857 1
5 254 5 13 0.3333333 1
5 96 5 16 0.01408451 1
5 120 5 16 0.5142857 1
5 126 5 16 0.03571429 1
5 137 5 16 0.05 1
5 142 5 16 0.2857143 1
5 152 5 16 0.8181818 1
5 270 5 16 0.03703704 1
5 278 5 16 0.25 1
5 43 5 17 0.6363636 1
5 87 5 17 0.3333333 1
5 92 5 17 0.8333333 1
5 139 5 17 0.09090909 1
5 158 5 17 0.9166667 1
5 175 5 17 0.6666667 1
5 178 5 17 0.02040816 1
5 211 5 17 0.5 1
5 92 5 18 0.05555556 1
5 138 5 18 0.7977528 1
5 139 5 18 0.8636364 1
5 178 5 18 0.9795918 1
5 260 5 18 0.88 1
5 270 5 18 0.3333333 1
5 124 5 26 0.25 1
5 187 5 26 0.6666667 1
5 242 5 26 1 1
5 276 5 26 0.1538462 1
5 278 5 26 0.5 1
5 78 5 27 0.6326531 1
5 102 5 27 0.7692308 1
5 137 5 27 0.7 1
5 152 5 27 0.09090909 1
5 190 5 27 0.3636364 1
5 193 5 27 0.9375 1
5 211 5 27 0.5 1
5 101 5 29 0.4285714 1
5 102 5 29 0.07692308 1
5 112 5 29 0.05 1
5 124 5 29 0.125 1
5 135 5 29 0.5 1
5 181 5 29 0.25 1
5 275 5 29 0.04166667 1
5 56 5 30 0.125 1
5 96 5 30 0.9577465 1
5 126 5 30 0.9464286 1
5 137 5 30 0.15 1
5 138 5 30 0.1910112 1
5 276 5 30 0.07692308 1
5 81 5 31 0.05 1
5 87 5 31 0.3333333 1
5 102 5 31 0.1538462 1
5 132 5 31 0.04166667 1
5 165 5 31 0.1111111 1
5 227 5 31 0.75 1
5 270 5 31 0.07407407 1
5 78 5 35 0.04081633 1
5 140 5 35 0.2142857 1
5 190 5 35 0.5454545 1
5 193 5 35 0.0625 1
5 50 5 38 1 1
5 101 5 38 0.5714286 1
5 104 5 38 0.07692308 1
5 120 5 38 0.1428571 1
5 140 5 38 0.6428571 1
5 158 5 38 0.08333333 1
5 167 5 38 1 1
6 68 6 1 0.3888889 1
6 92 6 1 0.8 1
6 98 6 1 0.125 1
6 133 6 1 0.25 1
6 138 6 1 1 1
6 207 6 1 0.1111111 1
6 270 6 1 0.2222222 1
6 56 6 4 0.25 1
6 60 6 4 0.4285714 1
6 80 6 4 1 1
6 163 6 4 0.02702703 1
6 170 6 4 0.6666667 1
6 245 6 4 0.02222222 1
6 275 6 4 0.2142857 1
6 98 6 8 0.875 1
6 108 6 8 0.02380952 1
6 133 6 8 0.75 1
6 203 6 8 0.5 1
6 215 6 8 0.3333333 1
6 239 6 8 0.06060606 1
6 245 6 8 0.02222222 1
6 88 6 9 0.125 1
6 146 6 9 0.3333333 1
6 163 6 9 0.972973 1
6 170 6 9 0.3333333 1
6 215 6 9 0.3333333 1
6 219 6 9 0.1818182 1
6 239 6 9 0.6666667 1
6 274 6 9 0.3333333 1
6 275 6 9 0.03571429 1
6 283 6 9 0.4 1
6 68 6 10 0.5 1
6 111 6 10 0.25 1
6 192 6 10 0.3333333 1
6 215 6 10 0.1666667 1
6 235 6 10 0.5384615 1
6 245 6 10 0.04444444 1
6 55 6 12 0.05555556 1
6 60 6 12 0.2857143 1
6 68 6 12 0.1111111 1
6 88 6 12 0.125 1
6 143 6 12 0.1666667 1
6 187 6 12 0.875 1
6 216 6 12 0.6785714 1
6 239 6 12 0.06060606 1
6 269 6 12 0.5 1
6 275 6 12 0.75 1
6 284 6 12 0.2857143 1
6 177 6 16 0.25 1
6 197 6 16 0.5 1
6 219 6 16 0.1818182 1
6 235 6 16 0.4358974 1
6 269 6 16 0.5 1
6 284 6 16 0.4285714 1
6 84 6 17 1 1
6 90 6 17 0.1126761 1
6 126 6 17 0.6666667 1
6 143 6 17 0.1666667 1
6 146 6 17 0.3333333 1
6 205 6 17 0.6666667 1
6 207 6 17 0.1111111 1
6 219 6 17 0.6363636 1
6 245 6 17 0.8888889 1
6 255 6 17 1 1
6 56 6 20 0.7222222 1
6 60 6 20 0.1428571 1
6 90 6 20 0.01408451 1
6 101 6 20 0.25 1
6 111 6 20 0.75 1
6 126 6 20 0.1666667 1
6 187 6 20 0.125 1
6 192 6 20 0.6666667 1
6 205 6 20 0.3333333 1
6 207 6 20 0.7777778 1
6 215 6 20 0.1666667 1
6 216 6 20 0.2857143 1
6 238 6 20 0.2352941 1
6 239 6 20 0.03030303 1
6 243 6 20 0.04347826 1
6 47 6 26 1 1
6 55 6 26 0.9444444 1
6 88 6 26 0.625 1
6 90 6 26 0.8732394 1
6 141 6 26 1 1
6 144 6 26 0.2 1
6 165 6 26 1 1
6 238 6 26 0.6470588 1
6 245 6 26 0.02222222 1
6 274 6 26 0.6666667 1
6 56 6 31 0.02777778 1
6 60 6 31 0.1428571 1
6 88 6 31 0.125 1
6 108 6 31 0.1428571 1
6 146 6 31 0.3333333 1
6 148 6 31 1 1
6 203 6 31 0.5 1
6 238 6 31 0.1176471 1
6 270 6 31 0.7777778 1
6 101 6 33 0.25 1
6 144 6 33 0.8 1
6 177 6 33 0.75 1
6 243 6 33 0.9565217 1
6 92 6 34 0.2 1
6 108 6 34 0.02380952 1
6 197 6 34 0.5 1
6 239 6 34 0.1818182 1
6 101 6 35 0.25 1
6 108 6 35 0.8095238 1
6 126 6 35 0.1666667 1
6 143 6 35 0.6666667 1
6 216 6 35 0.03571429 1
6 235 6 35 0.02564103 1
6 284 6 35 0.2857143 1
6 67 6 36 1 1
6 101 6 36 0.25 1
6 283 6 36 0.6 1
7 92 7 4 0.02173913 1
7 121 7 4 1 1
7 139 7 4 0.3333333 1
7 274 7 4 0.3333333 1
7 275 7 4 0.5 1
7 288 7 4 0.02898551 1
7 55 7 5 0.6666667 1
7 92 7 5 0.02173913 1
7 96 7 5 0.5 1
7 98 7 5 1 1
7 103 7 5 0.5 1
7 134 7 5 0.6666667 1
7 193 7 5 1 1
7 207 7 5 0.4 1
7 209 7 5 0.3333333 1
7 226 7 5 0.8 1
7 243 7 5 0.5 1
7 270 7 5 0.4285714 1
7 55 7 8 0.3333333 1
7 92 7 8 0.9130435 1
7 133 7 8 0.9807692 1
7 162 7 8 1 1
7 191 7 8 0.07142857 1
7 192 7 8 1 1
7 202 7 8 0.2857143 1
7 288 7 8 0.01449275 1
7 103 7 9 0.5 1
7 111 7 9 1 1
7 126 7 9 0.1578947 1
7 127 7 9 0.6666667 1
7 163 7 9 1 1
7 170 7 9 0.5 1
7 233 7 9 1 1
7 242 7 9 1 1
7 243 7 9 0.5 1
7 270 7 9 0.1428571 1
7 274 7 9 0.3333333 1
7 92 7 10 0.02173913 1
7 96 7 10 0.5 1
7 126 7 10 0.05263158 1
7 129 7 10 0.25 1
7 165 7 10 0.1111111 1
7 208 7 10 1 1
7 209 7 10 0.6666667 1
7 226 7 10 0.2 1
7 255 7 10 0.5 1
7 274 7 10 0.3333333 1
7 288 7 10 0.942029 1
7 141 7 21 0.4 1
7 288 7 21 0.01449275 1
7 75 7 31 0.6666667 1
7 107 7 31 0.3333333 1
7 138 7 31 1 1
7 140 7 31 1 1
7 141 7 31 0.6 1
7 207 7 31 0.2 1
7 265 7 31 1 1
7 126 7 33 0.2105263 1
7 127 7 33 0.3333333 1
7 129 7 33 0.25 1
7 170 7 33 0.5 1
7 211 7 33 0.07142857 1
7 228 7 33 1 1
7 239 7 33 1 1
7 108 7 35 0.9285714 1
7 126 7 35 0.5789474 1
7 129 7 35 0.25 1
7 134 7 35 0.3333333 1
7 190 7 35 1 1
7 211 7 35 0.7857143 1
7 270 7 35 0.4285714 1
7 275 7 35 0.5 1
7 75 7 37 0.3333333 1
7 107 7 37 0.6666667 1
7 115 7 37 1 1
7 133 7 37 0.01923077 1
7 207 7 37 0.4 1
7 248 7 37 0.8 1
7 255 7 37 0.5 1
7 92 7 38 0.02173913 1
7 108 7 38 0.07142857 1
7 129 7 38 0.25 1
7 139 7 38 0.6666667 1
7 165 7 38 0.8888889 1
7 191 7 38 0.9285714 1
7 202 7 38 0.7142857 1
7 211 7 38 0.1428571 1
7 248 7 38 0.2 1
3 170 1 170 0.2 1
6 170 2 170 0.25 1
7 170 2 170 0.25 1
7 170 6 170 0.3333333 1
3 187 1 187 0.125 1
5 187 1 187 0.1666667 1
6 187 1 187 0.2 1
5 187 3 187 0.1428571 1
6 187 4 187 0.3333333 1
5 242 2 242 0.5 1
2 101 1 101 0.3333333 1
4 101 1 101 0.25 1
4 101 2 101 0.5 1
2 284 1 284 0.3333333 1
5 50 3 50 0.5 1
7 111 2 111 0.5 1
6 111 4 111 0.6666667 1
6 235 3 235 0.2 1
6 275 2 275 0.3333333 1
6 275 5 275 0.2 1
7 275 5 275 0.25 1
7 275 6 275 0.25 1
7 274 5 274 0.3333333 1
7 274 6 274 0.25 1
4 92 3 92 0.5 1
7 92 5 92 0.2857143 1
7 163 6 163 0.5 1
6 55 2 55 0.3333333 1
4 56 3 56 0.1666667 1
7 211 3 211 0.1428571 1
4 73 3 73 0.25 1
5 217 4 217 0.1428571 1
5 139 3 139 0.2 1
6 239 3 239 0.1666667 1
5 270 3 270 0.25 1
6 270 5 270 0.2 1
7 270 5 270 0.1666667 1
6 192 4 192 0.3333333 1
5 254 4 254 0.1666667 1
5 266 4 266 0.1428571 1
5 276 4 276 0.25 1
6 238 4 238 0.25 1
7 126 6 126 0.1666667 1
7 190 5 190 0.3333333 1
7 96 5 96 0.25 1
7 133 6 133 0.3333333 1
7 108 6 108 0.2 1
1 170 3 170 0.2 1
2 170 6 170 0.25 1
2 170 7 170 0.25 1
6 170 7 170 0.3333333 1
1 187 3 187 0.125 1
1 187 5 187 0.1666667 1
1 187 6 187 0.2 1
3 187 5 187 0.1428571 1
4 187 6 187 0.3333333 1
2 242 5 242 0.5 1
1 101 2 101 0.3333333 1
1 101 4 101 0.25 1
2 101 4 101 0.5 1
1 284 2 284 0.3333333 1
3 50 5 50 0.5 1
2 111 7 111 0.5 1
4 111 6 111 0.6666667 1
3 235 6 235 0.2 1
2 275 6 275 0.3333333 1
5 275 6 275 0.2 1
5 275 7 275 0.25 1
6 275 7 275 0.25 1
5 274 7 274 0.3333333 1
6 274 7 274 0.25 1
3 92 4 92 0.5 1
5 92 7 92 0.2857143 1
6 163 7 163 0.5 1
2 55 6 55 0.3333333 1
3 56 4 56 0.1666667 1
3 211 7 211 0.1428571 1
3 73 4 73 0.25 1
4 217 5 217 0.1428571 1
3 139 5 139 0.2 1
3 239 6 239 0.1666667 1
3 270 5 270 0.25 1
5 270 6 270 0.2 1
5 270 7 270 0.1666667 1
4 192 6 192 0.3333333 1
4 254 5 254 0.1666667 1
4 266 5 266 0.1428571 1
4 276 5 276 0.25 1
4 238 6 238 0.25 1
6 126 7 126 0.1666667 1
5 190 7 190 0.3333333 1
5 96 7 96 0.25 1
6 133 7 133 0.3333333 1
6 108 7 108 0.2 1
